0 0.16796875 0.2890625 0.125 0.2296875
0 0.2734375 0.33046875 0.0671875 0.171875
0 0.40546875 0.3890625 0.0921875 0.1546875
0 0.5640625 0.35703125 0.078125 0.19375
0 0.72578125 0.34921875 0.0640625 0.19375
2 0.1453125 0.41640625 0.0765625 0.15625
2 0.29375 0.44921875 0.0875 0.159375
2 0.46796875 0.44375 0.071875 0.1796875
2 0.63125 0.43125 0.0625 0.1640625
2 0.79765625 0.44140625 0.0796875 0.190625
3 0.15234375 0.5859375 0.0359375 0.1
3 0.2171875 0.54921875 0.0390625 0.0734375
3 0.3359375 0.61171875 0.0546875 0.078125
3 0.371875 0.5484375 0.040625 0.0859375
3 0.478125 0.58828125 0.0546875 0.0734375
3 0.54609375 0.53671875 0.053125 0.1046875
3 0.64140625 0.61328125 0.0453125 0.096875
3 0.7109375 0.55625 0.0546875 0.1015625
3 0.79765625 0.6234375 0.06875 0.08125
3 0.8734375 0.55859375 0.0359375 0.096875
4 0.22734375 0.48671875 0.06875 0.0984375
4 0.365625 0.478125 0.0671875 0.0859375
4 0.525 0.49609375 0.0515625 0.096875
4 0.66875 0.5140625 0.053125 0.10625