0 0.421875 0.0640625 0.0875 0.128125
0 0.26015625 0.06796875 0.0734375 0.1359375
2 0.35078125 0.01953125 0.0703125 0.0390625
2 0.18359375 0.02109375 0.0890625 0.0421875
3 0.4580759431327932 0.6469501845287883 0.04655397642635144 0.09399543969514976
3 0.42782120884855895 0.5846092658126816 0.044225188998963993 0.04399543969514967
3 0.47619874276128976 0.49914848878351437 0.057598484284234176 0.06281816256778665
2 0.87265625 0.8890625 0.1109375 0.221875
2 0.80859375 0.9 0.1109375 0.2
2 0.74609375 0.8734375 0.0890625 0.253125
2 0.68515625 0.89921875 0.0703125 0.2015625
2 0.6265625 0.89140625 0.059375 0.2171875
2 0.58125 0.90390625 0.04375 0.1921875
3 0.8735125444567007 0.5435332512765463 0.03958053846084475 0.145503397540672
3 0.7626478190638066 0.5457411667711991 0.0286772717116218 0.11263635538619425
3 0.7376092777074778 0.5115025221573933 0.05280397642635144 0.09403180113146811
3 0.6833391546719485 0.5040036395456402 0.05258565260503385 0.08934430113146821
3 0.6030523411897131 0.5083780430382404 0.04713617328319834 0.10649543969514967
3 0.5734375 0.53046875 0.028125 0.1234375