0 0.33828125 0.315625 0.0234375 0.159375
0 0.22308575486680393 0.3548931580617648 0.09167331981405517 0.1969333498097196
0 0.06191330808511264 0.36929519216788426 0.07761081981405518 0.19636034684397002
2 0.31015625 0.26328125 0.0796875 0.1828125
2 0.15070837429287157 0.2834120888981236 0.07397236758448215 0.16660917984777565
2 0.01484375 0.2796875 0.0296875 0.19375
3 0.2928526796048672 0.12014147327107323 0.05982275025210164 0.07566584486680368
3 0.22848953084570445 0.17447348760552925 0.060445463125336295 0.10685217787060938
3 0.12782325930627944 0.10179467437338716 0.052086659907027585 0.09872134288963741
3 0.06228002279993276 0.16165910570403758 0.06178944183801285 0.10379084486680376
4 0.2524240575809095 0.21423898315690498 0.05833665990702759 0.09897601087441502
4 0.10741756017879958 0.202127596806789 0.06055472376899793 0.10841467787060939
3 0.9734375 0.27734375 0.053125 0.2390625
3 0.53203125 0.50703125 0.1796875 0.0640625
3 0.7114173732844653 0.1528677430427367 0.15269793714643587 0.2897866946765233
3 0.28984375 0.97109375 0.1203125 0.0578125
2 0.2310571559717552 0.8290057731945236 0.14073353268728983 0.2300933596955513
4 0.32421875 0.68671875 0.0515625 0.1203125