4 0.2506483980316513 0.19964503855318871 0.15943967427525152 0.28244212743398434
0 0.3 0.36953125 0.240625 0.2609375
0 0.0328125 0.36953125 0.065625 0.2609375
2 0.08359375 0.41953125 0.1671875 0.1609375
3 0.8123348108940256 0.3500207341683922 0.059956782981095455 0.10103639448011278
3 0.7978819463344491 0.28257413554836386 0.05029998184962743 0.05243525324641087
3 0.8654966932111912 0.21030939772322851 0.06604315651766246 0.0730204886359143
0 0.959375 0.284375 0.08125 0.165625
2 0.428125 0.9296875 0.08125 0.140625
3 0.51875 0.70625 0.1 0.284375
3 0.81875 0.6546875 0.2125 0.309375