4 0.25546875 0.23046875 0.1265625 0.2578125
2 0.12734375 0.4453125 0.2109375 0.328125
0 0.0453125 0.41015625 0.090625 0.3984375
0 0.4078125 0.2296875 0.178125 0.325
0 0.5953493231069029 0.2910614683281573 0.2571666084715547 0.3101230523949082
0 0.7914514332943172 0.309601926807664 0.156001262074194 0.21236203163466172
0 0.91875 0.35546875 0.1625 0.3703125
3 0.0890625 0.7125 0.178125 0.20625
3 0.159375 0.77265625 0.31875 0.3265625
1 0.23515625 0.8890625 0.1671875 0.221875
0 0.3921875 0.71484375 0.146875 0.2109375
0 0.5734375 0.728125 0.296875 0.2375
0 0.7758909662847007 0.7381235162372602 0.18030258010002492 0.24300453657757756
0 0.9125 0.78828125 0.175 0.3578125