4 0.2609375 0.11953125 0.11875 0.2390625
2 0.1890625 0.34921875 0.178125 0.3609375
0 0.38984375 0.38828125 0.0984375 0.2828125
0 0.0546875 0.32265625 0.109375 0.4140625
2 0.571875 0.41640625 0.153125 0.2265625
4 0.8536594250330566 0.3021325882177803 0.09931168249628826 0.1364738311856975
4 0.6905862149471483 0.2921404855620605 0.08294969810012062 0.12232042759490121
3 0.30625 0.6375 0.103125 0.215625
3 0.06484375 0.56875 0.1296875 0.078125
2 0.0265625 0.69921875 0.053125 0.2265625
4 0.40625 0.9328125 0.065625 0.134375
4 0.23993884102100163 0.8813933622218855 0.09602290818602892 0.13333065046753828
4 0.08365454149597147 0.8518245577707676 0.08122342378986111 0.11918633723582168
2 0.925 0.771875 0.15 0.45625
2 0.821875 0.771875 0.2 0.45625
2 0.6796875 0.76953125 0.190625 0.4609375
2 0.54609375 0.76875 0.2046875 0.4625