0 0.11171875 0.11953125 0.2234375 0.2390625
0 0.2984375 0.11953125 0.203125 0.2390625
2 0.7921875 0.20078125 0.059375 0.0765625
2 0.83984375 0.19609375 0.0546875 0.0859375
1 0.31796875 0.628125 0.1640625 0.621875
5 0.14469618781181368 0.5935232124338394 0.22297707032878672 0.5953310405319101
5 0.24630295341564593 0.6034155241831067 0.2113025859326189 0.5808228715585495
1 0.6088892418593996 0.423908460419492 0.34179351085413395 0.3039314022046279
1 0.871875 0.52421875 0.25625 0.2890625
3 0.5484375 0.67109375 0.296875 0.3921875
3 0.51484375 0.8234375 0.2296875 0.290625
0 0.7546875 0.7703125 0.415625 0.459375