2 0.3359375 0.28125 0.265625 0.5625
4 0.27734375 0.68203125 0.1796875 0.0734375
0 0.1243908397563688 0.3939271014083148 0.24680246760797503 0.6352124360279987
3 0.10011871838316741 0.05171232940799656 0.05434514342931003 0.09275112133990879
2 0.7862597840808427 0.1451516047103616 0.09616930289774892 0.23375792934436318
3 0.94765625 0.0734375 0.1046875 0.0625
3 0.781993786240311 0.10294592337681614 0.11690570018457018 0.07005905601527207
4 0.9519231593115555 0.23295269139876976 0.08483128469915151 0.2273806600095451
4 0.42734375 0.784375 0.1203125 0.13125
4 0.25859375 0.78125 0.1046875 0.125
3 0.625 0.75703125 0.271875 0.0765625
3 0.740625 0.81484375 0.253125 0.1921875
5 0.86953125 0.859375 0.2609375 0.28125
5 0.88125 0.9453125 0.2375 0.109375