2 0.1546875 0.31796875 0.2375 0.1640625
4 0.15546875 0.0859375 0.1609375 0.171875
3 0.834375 0.24609375 0.33125 0.3078125
3 0.66328125 0.28359375 0.5265625 0.2328125
1 0.16484375 0.4609375 0.1234375 0.121875
1 0.07578125 0.41953125 0.1171875 0.0390625
1 0.03125 0.45390625 0.0625 0.1078125
1 0.09091202146715263 0.4871710306460784 0.10759690729444453 0.12926568874502423
3 0.2640625 0.884375 0.090625 0.23125
3 0.18974172644555506 0.8775015533834913 0.09411759517409743 0.22081651878308045
3 0.10863719681027728 0.8679408695813831 0.08764938962701407 0.21118685079830274
3 0.040625 0.84765625 0.08125 0.2203125
2 0.5261780274510762 0.4778211828507063 0.07075021751493064 0.08873884783255326