2 0.153125 0.19375 0.290625 0.3875
4 0.30546875 0.54296875 0.1890625 0.2140625
0 0.38046875 0.23984375 0.2671875 0.4796875
0 0.559375 0.21796875 0.140625 0.4359375
2 0.6882689450978475 0.25285975020488777 0.0911731267092362 0.16188787799792798
2 0.7619266102760768 0.3663272448282043 0.0961879350298613 0.17616870181924557
2 0.86083884859257 0.4918966331652145 0.11850065254479177 0.2630522717116218
3 0.125 0.825 0.25 0.35
3 0.25546875 0.82578125 0.5109375 0.3484375
1 0.48359375 0.91484375 0.2921875 0.1703125
0 0.7859375 0.68671875 0.10625 0.0734375
0 0.8515625 0.68359375 0.096875 0.0671875
0 0.6671875 0.7328125 0.075 0.165625
0 0.6921875 0.7 0.1125 0.1
3 0.8474445765567363 0.7326992615774273 0.10334451196784719 0.08129284946188076
2 0.94609375 0.775 0.1078125 0.25