0 0.2125 0.1015625 0.140625 0.203125
2 0.346875 0.0765625 0.096875 0.153125
3 0.4300023892823205 0.1158575259389119 0.08839088534372692 0.077580654678545
3 0.5497239959420936 0.16523881325591266 0.10870338534372692 0.07781701201463562
2 0.62421875 0.171875 0.0515625 0.190625
3 0.41609169390518624 0.4386319546069573 0.06079314401654479 0.12256589067472685
3 0.49384397656750456 0.4697541379296851 0.06529883068109026 0.1069954346753633
4 0.23061781791059502 0.4009517832988652 0.1166624306969986 0.22476473734881744
4 0.6390625 0.4890625 0.021875 0.18125
2 0.9546875 0.17265625 0.090625 0.1234375
2 0.8934370859325484 0.22020593455605048 0.08931813335454457 0.157268154678545
3 0.8655859006206384 0.062738879893414 0.07316587468172671 0.11177384134309047
0 0.93828125 0.31953125 0.1234375 0.2453125
3 0.14765625 0.94296875 0.0828125 0.1140625
3 0.4296875 0.95234375 0.06875 0.0953125