3 0.3066372814289956 0.3949361654200869 0.07071358402290802 0.16954997867599958
3 0.12278954010181345 0.4381032680617244 0.07872607869190809 0.18682838534372692
0 0.09296875 0.12890625 0.1484375 0.2578125
0 0.22578125 0.10546875 0.1234375 0.2109375
4 0.3255583620703149 0.2084628634229504 0.12265789202736244 0.20296246268299925
4 0.04453125 0.24296875 0.0890625 0.2109375
2 0.02734375 0.21328125 0.0546875 0.3515625
2 0.34296875 0.1515625 0.1328125 0.303125
0 0.50234375 0.17734375 0.1859375 0.3546875
0 0.84765625 0.453125 0.3046875 0.253125
0 0.7796875 0.48203125 0.28125 0.1953125
0 0.8306538473901792 0.34974074940322397 0.32634760805217944 0.38812035471036166
2 0.6506572647199066 0.3210873960454979 0.18470445337363453 0.29898403469127166
3 0.596875 0.47109375 0.140625 0.2171875
1 0.5575703360518613 0.30984935669954394 0.1271999413589988 0.19051700668363553
2 0.32265625 0.6875 0.1734375 0.215625
2 0.2265625 0.69609375 0.23125 0.2328125
2 0.0984375 0.6921875 0.196875 0.225