3 0.03828125 0.0453125 0.0546875 0.090625
3 0.228125 0.046875 0.0625 0.09375
3 0.421875 0.05234375 0.059375 0.1046875
0 0.1899464267648269 0.34609375 0.12006445896555587 0.325
0 0.05179246333395886 0.3515625 0.09757120991548636 0.2984375
4 0.01796875 0.1859375 0.0359375 0.19375
4 0.27817051253652814 0.209375 0.09535278685347244 0.203125
2 0.34245187129399357 0.25234375 0.15789176728618096 0.3390625
5 0.68828125 0.0453125 0.0890625 0.090625
5 0.8446008252255564 0.5625 0.10639808320625015 0.140625
3 0.91796875 0.1953125 0.1640625 0.215625
3 0.8953125 0.1328125 0.209375 0.20625
3 0.51796875 0.678125 0.0765625 0.05625
3 0.74375 0.6984375 0.309375 0.096875
3 0.903125 0.83984375 0.19375 0.3203125
3 0.84375 0.77734375 0.3125 0.2546875