2 0.36015625 0.28359375 0.1609375 0.4109375
2 0.15390625 0.2765625 0.1578125 0.425
3 0.09140625 0.07734375 0.1265625 0.1546875
3 0.390625 0.05625 0.15625 0.1125
5 0.45390625 0.5484375 0.1890625 0.11875
5 0.4921875 0.64921875 0.175 0.2171875
3 0.48828125 0.77734375 0.1828125 0.4328125
2 0.71484375 0.58828125 0.1234375 0.1984375
0 0.88828125 0.609375 0.1296875 0.240625
3 0.80234375 0.9171875 0.0484375 0.165625
3 0.6377255899415647 0.8899937231165825 0.045699424316769564 0.14720463978475246
0 0.7758977456540128 0.6530652655063687 0.11367066351699648 0.21744867328319833