2 0.50703125 0.109375 0.1046875 0.21875
2 0.33046875 0.109375 0.1140625 0.21875
3 0.7921875 0.0328125 0.246875 0.065625
3 0.70859375 0.0890625 0.2234375 0.178125
5 0.64375 0.109375 0.16875 0.21875
2 0.2888041136945492 0.9250022698495949 0.06740831838861121 0.14673375889134022
4 0.41053037727791714 0.7566418757216165 0.05886846656499998 0.1151198858558109
4 0.31674466289711856 0.784270261991712 0.06148432028847228 0.09339043507002262
3 0.23767606515757 0.8406786197257604 0.07950696846486113 0.06301373035529281
3 0.20511617866468795 0.7494157648871962 0.07932513050895836 0.055201230355292806
0 0.97265625 0.72890625 0.0546875 0.2578125
1 0.806828721502084 0.8540519150110306 0.09996624525034736 0.13732452564056316
1 0.7236356682154521 0.9009033362273143 0.09157186379145843 0.11196065260503403
1 0.6675661997505908 0.8389812249786093 0.082560539703264 0.12714900496239884
1 0.7401126937666673 0.8041203815125847 0.08528549620027785 0.1101070541766104
3 0.5796875 0.47890625 0.040625 0.2203125
3 0.9196663750937155 0.4714470843652876 0.07689372758291686 0.21897263192686936
3 0.8401061616628475 0.4732043294028888 0.06381184612402793 0.19339043507002263
3 0.765851044071667 0.4681850355653606 0.058978875759305716 0.18692211124870503
3 0.6988817496187504 0.47443072745980874 0.06693684612402792 0.19353598428423435
3 0.6286783523922921 0.4758433701400452 0.05901524335048629 0.18848461124870503
2 0.97109375 0.29765625 0.0578125 0.1578125