3 0.646875 0.05703125 0.046875 0.1140625
3 0.82265625 0.0609375 0.0546875 0.121875
3 0.9890625 0.0671875 0.021875 0.134375
0 0.8203125 0.2875 0.103125 0.1625
0 0.6921875 0.2953125 0.084375 0.146875
4 0.6129998243605441 0.20432970298163217 0.09571697994174029 0.1771093202884723
4 0.8897752730277606 0.230316200416181 0.08348976458147632 0.18619337955902787
2 0.94140625 0.24140625 0.1171875 0.2546875
2 0.5640625 0.23984375 0.128125 0.2578125
5 0.01875 0.51484375 0.0375 0.1984375
5 0.24921875 0.42109375 0.1046875 0.1046875
5 0.38515625 0.9578125 0.1265625 0.084375
3 0.4515625 0.5671875 0.096875 0.25625
3 0.428125 0.50078125 0.14375 0.2484375