4 0.37265625 0.4984375 0.0734375 0.1625
4 0.215625 0.48046875 0.128125 0.1984375
4 0.04765625 0.48828125 0.0953125 0.1828125
3 0.59375 0.34609375 0.36875 0.4671875
3 0.753125 0.23359375 0.49375 0.4296875
1 0.91015625 0.11328125 0.1796875 0.2265625
4 0.375 0.90078125 0.06875 0.1984375
4 0.0578125 0.92109375 0.115625 0.1578125
2 0.08828125 0.74296875 0.1765625 0.3265625
0 0.259375 0.7546875 0.209375 0.35
3 0.566231491263194 0.7628968352240524 0.1921186840799308 0.20171032467404082
3 0.6521852154276383 0.8644377901747464 0.19869599240055572 0.21588191882984215