4 0.11861208197126434 0.38125 0.09190674063022612 0.2203125
4 0.2740308349963264 0.38984375 0.10606014422102242 0.2359375
4 0.42887741628021975 0.3625 0.09039878278470379 0.2296875
0 0.89609375 0.084375 0.2078125 0.16875
2 0.7484404825369985 0.23828125 0.17280221662612102 0.159375
4 0.89765625 0.4984375 0.2046875 0.2125
0 0.40234375 0.8921875 0.1671875 0.215625
2 0.51328125 0.93984375 0.1109375 0.1203125
3 0.72890625 0.8390625 0.2421875 0.178125
3 0.86015625 0.78125 0.2546875 0.0625
3 0.63671875 0.91328125 0.1359375 0.1734375