4 0.484375 0.08125 0.090625 0.1625
4 0.33125 0.0859375 0.08125 0.171875
4 0.1796875 0.08125 0.096875 0.1625
4 0.03046875 0.08984375 0.0609375 0.1796875
3 0.8114522954300825 0.33462182496694337 0.13883425782192055 0.08360479534115868
2 0.7520002426721896 0.20533047263752274 0.12690965244730928 0.19980964947960161
4 0.975 0.0546875 0.05 0.109375
4 0.8509144267601172 0.07163382406243227 0.06997784200867016 0.10491987336031983
2 0.0953125 0.50859375 0.128125 0.2171875
2 0.97109375 0.63046875 0.0578125 0.1171875
2 0.868079539956649 0.5890946410003169 0.07455892619541978 0.13008364767057934
2 0.8406609242704555 0.6987938675945686 0.05987479991529536 0.09192855042954129
2 0.7405390979056266 0.6526359198331322 0.08780237884037315 0.11675813206674697
2 0.6849947531955333 0.6835860266851087 0.07217737884037315 0.11593926051544959
3 0.9640625 0.44296875 0.059375 0.0859375
3 0.7955590688252571 0.5103355551792397 0.06768729991529536 0.09233798620519007
3 0.6846824820076716 0.5418489060383223 0.0786247999152954 0.09291119629109837