2 0.01015625 0.3859375 0.0203125 0.1625
4 0.93828125 0.4546875 0.1234375 0.128125
0 0.784375 0.13125 0.315625 0.2625
1 0.41171875 0.01796875 0.1109375 0.0359375
3 0.57578125 0.3609053059826007 0.1140625 0.26179565027015245
3 0.48515625 0.3499281112474109 0.096875 0.2299454495445131
3 0.3984375 0.3461185757680484 0.090625 0.22191469473518968
3 0.3453125 0.33046875 0.053125 0.2328125
2 0.6578125 0.490625 0.16875 0.05625
2 0.74375 0.4671875 0.1625 0.103125
2 0.84609375 0.4265625 0.1703125 0.184375
4 0.69453125 0.7605432074338794 0.1421875 0.28934029691210805
4 0.371875 0.7375 0.10625 0.253125
2 0.8046875 0.61484375 0.23125 0.1921875
0 0.925 0.65 0.15 0.2625