0 0.88046875 0.31875 0.1484375 0.28125
0 0.7078125 0.31484375 0.140625 0.2890625
0 0.54453125 0.3078125 0.1296875 0.303125
3 0.3515625 0.9546875 0.059375 0.090625
3 0.17109375 0.94296875 0.0578125 0.1140625
0 0.36344975737719276 0.6769599442583354 0.11365922927693432 0.30279034200867017
0 0.4625 0.68046875 0.034375 0.2765625
4 0.29191831418354425 0.7988734706372818 0.08882637254713259 0.19066977360693613
2 0.22866623908840406 0.7560342522779001 0.14854356524648954 0.3172924577654509
2 0.6078125 0.52421875 0.19375 0.1296875
4 0.58828125 0.90234375 0.1546875 0.1953125
0 0.93671875 0.6640625 0.1265625 0.409375
0 0.7484375 0.65234375 0.19375 0.3859375