2 0.0484375 0.1015625 0.096875 0.203125
4 0.44765625 0.15234375 0.0828125 0.1234375
4 0.2867133631927735 0.16759442156903237 0.09240235870696818 0.12540879465362345
4 0.1468842006452034 0.19531614511949885 0.07939302273741297 0.11218075256024881
2 0.88359375 0.24296875 0.2234375 0.4859375
5 0.1765625 0.86796875 0.234375 0.2640625
5 0.21135256034075472 0.6975927347090947 0.2286820514063251 0.2564907366340588
3 0.275 0.68125 0.428125 0.24375
4 0.8748222223568523 0.7217604638741688 0.17246122631118474 0.29218604195220044
4 0.540625 0.77421875 0.103125 0.2921875
2 0.6359375 0.91015625 0.246875 0.1796875
0 0.8078125 0.87421875 0.26875 0.2515625