3 0.16953125 0.0328125 0.1015625 0.065625
3 0.35390625 0.084375 0.1171875 0.16875
3 0.60390625 0.046875 0.1609375 0.09375
2 0.64140625 0.19375 0.1359375 0.234375
4 0.18476063940163323 0.32521466520006526 0.09378745735199914 0.1380363311856975
4 0.36899927940004246 0.3145685775714601 0.10005563868554468 0.13963519262201593
4 0.5260850734006788 0.3201696586589618 0.08581132535009015 0.12392837939029952
0 0.8546875 0.2 0.290625 0.4
1 0.4775181146960441 0.6010196828594585 0.32676468403881637 0.2878192043294809
1 0.66875 0.7109375 0.08125 0.275
3 0.390625 0.8296875 0.36875 0.340625
3 0.40078125 0.9296875 0.2453125 0.140625
0 0.590625 0.865625 0.2375 0.26875
0 0.15078125 0.88359375 0.3015625 0.2328125