4 0.44921875 0.05 0.0796875 0.1
4 0.271875 0.0296875 0.084375 0.059375
4 0.1171875 0.01640625 0.071875 0.0328125
5 0.6015625 0.40234375 0.128125 0.1546875
3 0.5640625 0.05 0.128125 0.1
2 0.47578125 0.87890625 0.0484375 0.2421875
2 0.4484375 0.85234375 0.090625 0.2953125
2 0.3859375 0.878125 0.071875 0.24375
2 0.3300346302302506 0.8657036773578494 0.06174606496827515 0.24780230032431164
2 0.2671875 0.8828125 0.071875 0.234375
2 0.1975867179791985 0.8352230649381035 0.07448416714519332 0.2995557150969638
2 0.12705596316987516 0.8427003741908689 0.05497027531256151 0.2773534326295598
2 0.06332084538386029 0.8344435892878327 0.07188495680090715 0.26984094155801375
2 0.0078125 0.86640625 0.015625 0.2296875
3 0.4921875 0.5203125 0.015625 0.08125
3 0.47578125 0.49921875 0.0484375 0.0390625
3 0.425 0.49375 0.053125 0.028125
3 0.34375 0.5 0.046875 0.040625
3 0.2953125 0.515625 0.065625 0.071875
3 0.14375 0.5203125 0.0875 0.08125
3 0.8484375 0.9203125 0.053125 0.159375
3 0.659375 0.9234375 0.059375 0.153125
0 0.70625 0.6171875 0.1125 0.275
0 0.84453125 0.60390625 0.0890625 0.2484375
4 0.9090822678865313 0.7416973871798076 0.10196927168436432 0.1922886858759707
4 0.6149875275051782 0.7343384492719467 0.0898512176006804 0.20300799756436802
2 0.56328125 0.69375 0.1265625 0.3375
2 0.95078125 0.659375 0.0984375 0.359375