3 0.47741867751937794 0.3985227934205947 0.09875168722776025 0.3259693577564876
3 0.2530287492340329 0.36434362449197355 0.14270673658176475 0.0884560696514182
2 0.21365297347729645 0.22547587630099591 0.13449132325581453 0.20326219810012064
4 0.4713431624030996 0.10452048790267074 0.08709708667404978 0.1198012449116174
4 0.32960624537652156 0.10494096901947811 0.07379605027685514 0.10664614767057934
3 0.6527271630214084 0.31285528833221204 0.10879281153562222 0.06954893939369348
0 0.7589468846437784 0.29560915536095383 0.18107973318567866 0.5171542797373265
4 0.6605465623108145 0.15438436906490666 0.09274391424880087 0.23221935775648764
4 0.33671875 0.6625 0.1703125 0.1875
0 0.47421875 0.7296875 0.1296875 0.259375
2 0.45390625 0.9765625 0.1703125 0.046875
2 0.14474108960871046 0.8826675785849881 0.2005773982096719 0.18959584577069996
3 0.65 0.896875 0.221875 0.178125
3 0.66953125 0.7390625 0.2609375 0.16875
3 0.90703125 0.9515625 0.1859375 0.096875
3 0.89375 0.853125 0.2125 0.14375
3 0.91171875 0.7421875 0.1765625 0.16875
0 0.73203125 0.6109375 0.1984375 0.084375