0 0.20234375 0.125 0.4046875 0.25
0 0.2703125 0.11328125 0.31875 0.2265625
0 0.09453125 0.090625 0.1890625 0.18125
0 0.13203125 0.21953125 0.2640625 0.3953125
1 0.35625 0.05390625 0.1375 0.1078125
2 0.6734375 0.1015625 0.1875 0.203125
0 0.85625 0.13203125 0.190625 0.2640625
3 0.7359375 0.43359375 0.06875 0.1328125
3 0.5605888479269797 0.4169689062479405 0.06468336189159736 0.16200116801906325
0 0.7258637833380907 0.16995535876300272 0.1446267414506252 0.24148984496658024
0 0.2953125 0.9265625 0.246875 0.146875
4 0.6109375 0.60859375 0.203125 0.2171875
0 0.7991337099154864 0.7219560097359373 0.22882120991548635 0.30231034253094824
2 0.92578125 0.90625 0.1484375 0.1875
2 0.4703125 0.8125 0.08125 0.228125