0 0.121875 0.13515625 0.24375 0.2703125
0 0.2671875 0.52734375 0.184375 0.2046875
0 0.19296875 0.51953125 0.3046875 0.2203125
0 0.28359375 0.42109375 0.1515625 0.4171875
2 0.22326492311249257 0.3221436416416169 0.20601314111185864 0.3344491366622938
3 0.08625184475464716 0.46932320755368934 0.15881723654387442 0.29587248407381017
1 0.13530125565420956 0.2660840864646497 0.14214099163225705 0.21545694198043536
2 0.403125 0.3296875 0.0875 0.346875
2 0.42421875 0.365625 0.1296875 0.278125
2 0.4840364902775199 0.36472598379146143 0.1249402035271876 0.2736488735787013
2 0.5405421178217112 0.4079824311041557 0.13620525214770662 0.2805359104104042
2 0.6265515388980389 0.36675746260359976 0.1512437539567289 0.329701452503779
2 0.6965398123037873 0.39199195200966885 0.12493355947465279 0.3032453683170294
2 0.7643447879935279 0.3990756808923942 0.14031289800926353 0.299467920933748
2 0.8429334554518109 0.45458920449933055 0.1318519448207603 0.2569163998870607
3 0.6046875 0.028125 0.096875 0.05625
3 0.7546875 0.0546875 0.11875 0.109375
3 0.84765625 0.025 0.1265625 0.05
3 0.196875 0.94609375 0.078125 0.1078125
0 0.3375 0.74375 0.04375 0.228125
1 0.59375 0.81484375 0.36875 0.3703125
5 0.86015625 0.81484375 0.2796875 0.3703125
5 0.75234375 0.81484375 0.2859375 0.3703125