0 0.234375 0.2875 0.43125 0.225
0 0.16328125 0.321875 0.3265625 0.15625
0 0.4171875 0.29375 0.24375 0.2125
0 0.28671875 0.17265625 0.3015625 0.3453125
2 0.4546875 0.1203125 0.165625 0.240625
3 0.53515625 0.25546875 0.0890625 0.2578125
1 0.07734375 0.37265625 0.1296875 0.0546875
1 0.53203125 0.078125 0.0953125 0.15625
3 0.7729546107213154 0.17088169561849859 0.08336423421985026 0.3215398092527654
0 0.965625 0.2 0.06875 0.4
2 0.50234375 0.66484375 0.1546875 0.5296875
4 0.3203125 0.890625 0.215625 0.21875
3 0.34910198075980914 0.6799140020318901 0.2860886917107738 0.12365923701106123
0 0.91640625 0.46796875 0.1671875 0.1359375
2 0.81796875 0.48828125 0.1265625 0.1765625