0 0.190625 0.12890625 0.38125 0.2578125
0 0.11171875 0.09609375 0.2234375 0.1921875
0 0.31015625 0.09921875 0.3078125 0.1984375
0 0.21791366900878367 0.2379299980505886 0.36519642065139923 0.4258385307129071
2 0.40859375 0.2765625 0.2015625 0.325
3 0.46015625 0.115625 0.0984375 0.23125
1 0.47578125 0.29375 0.0671875 0.209375
2 0.98046875 0.4953125 0.0390625 0.146875
4 0.8483361873540479 0.35738107407699643 0.07392188936371688 0.11640679734245403
4 0.9463186610456887 0.3663389980903595 0.07273882096198285 0.09609429734245403
2 0.85546875 0.7015625 0.1765625 0.265625
2 0.7828125 0.69609375 0.178125 0.2546875
2 0.72265625 0.72734375 0.1703125 0.3171875
2 0.6544320818382623 0.7055640354073602 0.13458491553090185 0.2732567813494538
2 0.5974162423898409 0.731481098066497 0.12649939974588625 0.26847837468172653
2 0.55390625 0.7125 0.0890625 0.275