3 0.0453125 0.4859375 0.0890625 0.18828125
3 0.1375 0.4671875 0.0734375 0.17890625
3 0.22421875 0.4765625 0.078125 0.1921875
3 0.3125 0.484375 0.0703125 0.1859375
3 0.40390625 0.48515625 0.08046875 0.18984375
3 0.4953125 0.4984375 0.06640625 0.1953125
3 0.5890625 0.490625 0.0859375 0.17890625
3 0.6765625 0.49453125 0.07421875 0.18984375
3 0.7640625 0.50234375 0.0734375 0.196875
3 0.8484375 0.5125 0.0734375 0.1953125
3 0.93828125 0.51328125 0.07578125 0.19921875
3 0.9921875 0.515625 0.015625 0.184375