2 0.19580217728880855 0.4398137090579558 0.17362668276559184 0.2827141083532208
2 0.259375 0.4703125 0.175 0.278125
2 0.32578125 0.4484375 0.1671875 0.321875
2 0.3875 0.48046875 0.13125 0.2578125
2 0.44921875 0.478125 0.1234375 0.2625
2 0.50859375 0.49609375 0.1328125 0.2265625
2 0.58828125 0.459375 0.1421875 0.3
2 0.6296875 0.47578125 0.059375 0.2671875
3 0.21796875 0.0703125 0.0765625 0.140625
3 0.33237955713877126 0.0790666459900053 0.056625736209946445 0.12278683664159917
3 0.3609375 0.05078125 0.078125 0.1015625
3 0.41640625 0.05 0.0765625 0.1
3 0.4994079327655919 0.06581101302967855 0.07381323620994636 0.12358735731976359
3 0.5464791610579794 0.09725791212005577 0.0962338054894186 0.14335620181924558
3 0.61484375 0.053125 0.0890625 0.10625
4 0.8137458467265652 0.36685116646328203 0.1463822211662517 0.2580394400324213
0 0.76015625 0.16484375 0.2015625 0.3296875
2 0.93359375 0.115625 0.1328125 0.23125
0 0.18204956584775286 0.8383431385464073 0.3198030007914229 0.31916964681406557
0 0.38359375 0.9625 0.1953125 0.075