2 0.13125 0.30390625 0.11875 0.2609375
2 0.20078125 0.28203125 0.11875 0.2640625
2 0.26484375 0.30546875 0.0953125 0.33125
2 0.33125 0.28515625 0.075 0.265625
2 0.390625 0.303125 0.065625 0.2625
2 0.45625 0.27421875 0.0765625 0.2671875
2 0.53203125 0.3375 0.0796875 0.3171875
2 0.6046875 0.3296875 0.0578125 0.2953125
2 0.6734375 0.340625 0.0765625 0.2875
2 0.76171875 0.30703125 0.078125 0.24375
3 0.09375 0.68671875 0.04375 0.1546875
3 0.21015625 0.68671875 0.03125 0.11875
3 0.234375 0.7234375 0.05625 0.1
3 0.28984375 0.73203125 0.05625 0.0953125
3 0.375 0.72890625 0.05 0.1140625
3 0.4265625 0.70546875 0.06875 0.1296875
3 0.48671875 0.79140625 0.0578125 0.159375
3 0.5859375 0.68671875 0.09375 0.1125
3 0.66328125 0.77265625 0.1 0.1203125