2 0.1734375 0.321875 0.1 0.24375
2 0.2390625 0.3 0.1 0.2453125
2 0.3 0.321875 0.075 0.309375
2 0.3625 0.3015625 0.0578125 0.2484375
2 0.41953125 0.31796875 0.0484375 0.2453125
2 0.4796875 0.28984375 0.059375 0.2515625
2 0.55390625 0.3484375 0.059375 0.296875
2 0.6234375 0.340625 0.040625 0.2765625
2 0.68828125 0.34921875 0.0578125 0.2671875
2 0.7703125 0.31640625 0.0625 0.228125
3 0.15703125 0.6796875 0.0328125 0.1453125
3 0.26796875 0.678125 0.0234375 0.1125
3 0.29140625 0.7125 0.0484375 0.09375
3 0.3453125 0.7203125 0.0484375 0.0890625
3 0.42578125 0.71640625 0.0421875 0.10625
3 0.4734375 0.69375 0.059375 0.121875
3 0.534375 0.7734375 0.046875 0.15
3 0.6234375 0.675 0.0828125 0.1046875
3 0.7 0.7546875 0.0890625 0.1125