2 0.4939530645687773 0.6088741312370111 0.13906468936981647 0.2695408612399266
2 0.42265625 0.61953125 0.1421875 0.2609375
2 0.36015625 0.58828125 0.1234375 0.3234375
2 0.29311727056814085 0.6123935200952803 0.096895370703362 0.270857921544777
2 0.2355593092377771 0.5901821768093344 0.0874840080362711 0.26767837939029954
2 0.16796875 0.61328125 0.0984375 0.2734375
2 0.09778713657704952 0.5456276800307882 0.10530785471036168 0.3224658733401752
2 0.03203125 0.546875 0.0640625 0.3
3 0.5624245379535477 0.2303405859592754 0.05652381468809011 0.15813066256778666
3 0.4468995352880475 0.2210741493873837 0.040462462682999245 0.12053975897699046
3 0.4254699779599109 0.18266563436026906 0.06369996801399935 0.10348861436318471
3 0.37092792862827456 0.16984747179248244 0.06364542401336308 0.0988011143631847
3 0.2857989506285927 0.16700829722264326 0.05917610001590834 0.11752384328594587
3 0.23244668395927456 0.18623047501393625 0.07968859468490823 0.1348295179539809
3 0.1795858606381376 0.09607310762568946 0.07064085868872638 0.16289997579950316
3 0.0721995272915473 0.19311121320827543 0.1029442813494537 0.11934087334017515
3 0.028125 0.10078125 0.05625 0.1265625
2 0.70546875 0.27421875 0.1734375 0.5484375
2 0.91328125 0.25859375 0.1734375 0.5171875
3 0.1546875 0.928125 0.309375 0.14375