2 0.1490263906088126 0.28823815990138846 0.11611311331561965 0.2471398271096728
2 0.21641509780474166 0.3104910353067778 0.11618588792272551 0.2487023271096728
2 0.2754797286981538 0.28810356655636593 0.09416964681406555 0.3123284504864673
2 0.338889411286977 0.3087257581143795 0.07414393713693723 0.2510909415580137
2 0.3951201406088126 0.292533742286067 0.06462338792272551 0.24780230032431164
2 0.45729480892961216 0.32015991030513025 0.07585198635114895 0.25424321509696385
2 0.5271856238595897 0.262053129866321 0.07796244995721864 0.299555715096964
2 0.597789222288013 0.2695304391190863 0.05819360545773673 0.27735343262956
2 0.65625 0.26015625 0.065625 0.2703125
2 0.07578125 0.8796875 0.1515625 0.240625
2 0.28828125 0.91796875 0.1578125 0.1640625
2 0.4953125 0.878125 0.121875 0.24375
2 0.8015625 0.5546875 0.103125 0.109375
4 0.96171875 0.603125 0.0765625 0.20625