2 0.78359375 0.6921875 0.11875 0.2578125
2 0.7140625 0.715625 0.11875 0.259375
2 0.65078125 0.69375 0.096875 0.3265625
2 0.584375 0.715625 0.075 0.2625
2 0.525 0.69921875 0.0671875 0.259375
2 0.46015625 0.72890625 0.0765625 0.2640625
2 0.3859375 0.66875 0.08125 0.3125
2 0.3125 0.67734375 0.059375 0.290625
2 0.2453125 0.66875 0.0765625 0.2828125
2 0.15625 0.7046875 0.078125 0.240625
3 0.82265625 0.3140625 0.04375 0.153125
3 0.70703125 0.31640625 0.03125 0.1171875
3 0.68359375 0.28125 0.0578125 0.0984375
3 0.62734375 0.2734375 0.05625 0.09375
3 0.54375 0.27890625 0.05 0.1125
3 0.4921875 0.303125 0.06875 0.128125
3 0.4328125 0.21953125 0.059375 0.1578125
3 0.3328125 0.32578125 0.09375 0.1109375
3 0.2578125 0.2421875 0.1 0.11875