2 0.6 0.25859375 0.078125 0.3359375
2 0.5536475593149904 0.24322113975712156 0.09519838935304659 0.27004690637700657
2 0.49581781326932317 0.26504190807448724 0.08719488836446346 0.2649499706013579
2 0.4290786408359213 0.24113741858993681 0.09682455634924096 0.2716912935321364
2 0.359750320683697 0.30740422772590537 0.10504823323126714 0.32045634215265534
2 0.28530873619701663 0.3058251175945686 0.08065572828835119 0.2957905348257091
2 0.21934815517037737 0.3202428216875831 0.09758856030357368 0.2904412935321363
2 0.12738614825029512 0.2921797766851087 0.09586955140632507 0.24825379353213634
3 0.765625 0.4328125 0.253125 0.09375
3 0.75625 0.08515625 0.234375 0.1703125
2 0.53671875 0.7109375 0.2046875 0.4625
2 0.2734375 0.70859375 0.228125 0.4578125
2 0.06171875 0.69453125 0.1234375 0.4296875
3 0.903125 0.5828125 0.19375 0.20625