3 0.167072374307862 0.15091019165514674 0.06888730721668548 0.15051092068857255
3 0.27416418106312224 0.17055551434315225 0.05115958667404978 0.11715278366526398
3 0.30575414250645927 0.13983130399886598 0.07213342072720588 0.10385417549789597
3 0.3595101981819854 0.14029260626845144 0.07027053207825791 0.09911211179556503
3 0.43046875 0.15625 0.0578125 0.115625
3 0.4453125 0.1859375 0.028125 0.134375
2 0.578125 0.28125 0.175 0.1375
2 0.2296875 0.6390625 0.25625 0.578125
2 0.38203125 0.64921875 0.1546875 0.5984375
3 0.40703125 0.92734375 0.1046875 0.1453125
3 0.13203125 0.94140625 0.1984375 0.1171875
3 0.743648958979327 0.6743773964723194 0.24418769586563335 0.1613095553496283
3 0.55078125 0.9125 0.1265625 0.175
3 0.6171875 0.9296875 0.121875 0.140625
3 0.6828125 0.9390625 0.109375 0.121875
3 0.75234375 0.9390625 0.1296875 0.121875
3 0.8453125 0.959375 0.11875 0.08125
3 0.91875 0.95 0.125 0.1
3 0.490625 0.91640625 0.0625 0.1671875