2 0.040625 0.37265625 0.08125 0.1734375
2 0.0953125 0.38828125 0.10625 0.1421875
2 0.178125 0.346875 0.115625 0.225
2 0.2484375 0.359375 0.090625 0.2
2 0.31875 0.3578125 0.109375 0.203125
2 0.40390625 0.38828125 0.1046875 0.1421875
3 0.06484375 0.0265625 0.0640625 0.053125
3 0.11328125 0.04375 0.0828125 0.0875
3 0.26953125 0.05546875 0.1078125 0.1109375
3 0.35703125 0.0171875 0.1140625 0.034375
3 0.61875 0.0671875 0.1875 0.134375
3 0.88515625 0.40546875 0.0546875 0.1078125
3 0.93671875 0.40625 0.0453125 0.10625
3 0.98125 0.41015625 0.0375 0.0984375
3 0.67109375 0.440625 0.0328125 0.0375
3 0.63828125 0.43828125 0.0359375 0.0421875
3 0.59609375 0.43984375 0.0359375 0.0390625
3 0.56171875 0.43125 0.0421875 0.05625
3 0.51796875 0.434375 0.0421875 0.05
0 0.06015625 0.7328125 0.1203125 0.490625
0 0.2056320188393745 0.6767939196406211 0.181535510240995 0.30286372158978575
0 0.38671875 0.71484375 0.1640625 0.2765625
4 0.51796875 0.91796875 0.0984375 0.1640625
0 0.6984375 0.8625 0.215625 0.275
2 0.74453125 0.540625 0.2015625 0.1625
2 0.90859375 0.68984375 0.1828125 0.2515625