3 0.015625 0.2046875 0.03125 0.078125
4 0.40625 0.09375 0.034375 0.1875
4 0.51171875 0.10703125 0.1109375 0.2140625
4 0.66796875 0.1109375 0.1265625 0.221875
4 0.8202737270500332 0.14020087840834067 0.11069786724456102 0.23026928298109545
5 0.021875 0.94375 0.04375 0.1125
5 0.29020750723871025 0.4784730380492611 0.13056941149637388 0.1538431383672898
3 0.27265625 0.86484375 0.2328125 0.2484375
3 0.22890625 0.89609375 0.2671875 0.2078125
0 0.53125 0.57578125 0.284375 0.3734375
0 0.72265625 0.55390625 0.2234375 0.3296875
0 0.8859375 0.56875 0.203125 0.359375
0 0.97421875 0.58984375 0.0515625 0.3859375