3 0.07088888070789254 0.21255373619698706 0.06588106426490725 0.06361821509696383
0 0.084375 0.38046875 0.1375 0.2171875
2 0.15492289990822244 0.22574525730030537 0.07784751834239997 0.15284435633066593
3 0.4918211578257813 0.30361947240056464 0.07709134890464338 0.0731841298696164
0 0.45546875 0.42578125 0.1328125 0.1265625
2 0.41796875 0.30078125 0.0578125 0.1734375
1 0.16484375 0.87421875 0.3296875 0.2515625
3 0.209375 0.66015625 0.359375 0.3421875
3 0.2296875 0.54609375 0.278125 0.1140625
2 0.53046875 0.7984375 0.1796875 0.403125
2 0.73828125 0.7703125 0.1515625 0.459375
2 0.97109375 0.86484375 0.0578125 0.2703125