3 0.2757728643601393 0.27259428493120835 0.08303201196784729 0.07939981252120454
0 0.28671875 0.10703125 0.2078125 0.2140625
2 0.18462053428802125 0.24677334019601868 0.11192203780340293 0.18032739546082902
3 0.73046875 0.05625 0.2015625 0.1125
3 0.87890625 0.4328125 0.2140625 0.234375
3 0.5614512187492016 0.6842907977147161 0.07209451196784719 0.07901786660488845
3 0.4708119542159032 0.8817436618725338 0.08742987765916652 0.13419643992586608
3 0.20562205888930585 0.8240848961786191 0.07144120174736131 0.11802580290255768
3 0.18285539969500028 0.7514732861971527 0.05763196846486114 0.061339293283910835
3 0.25035006458888914 0.6664013709508758 0.07689111474138884 0.0838690577118811
0 0.39253887100965307 0.7384996041606529 0.16381184612402783 0.19619049763774737
2 0.9390625 0.775 0.121875 0.45
2 0.76953125 0.775 0.2796875 0.45