2 0.2546875 0.1546875 0.290625 0.309375
3 0.6140625 0.1546875 0.36875 0.309375
3 0.70234375 0.10078125 0.3640625 0.2015625
3 0.3734375 0.58515625 0.1125 0.3703125
3 0.31796875 0.48515625 0.2234375 0.3515625
5 0.18984375 0.45078125 0.3265625 0.2828125
5 0.13046875 0.84375 0.2609375 0.3125
5 0.159375 0.36015625 0.31875 0.1015625
4 0.5976789001731591 0.7257424770500331 0.14411890159486127 0.29077916542531546
4 0.9314181205378814 0.7039550984329326 0.1292199469977085 0.2541866939613627
2 0.52421875 0.4921875 0.1890625 0.365625
2 0.8734375 0.44765625 0.253125 0.2765625
0 0.746875 0.4453125 0.25 0.271875