3 0.24121341356270865 0.3277920985754389 0.08648432028847228 0.09308006175762476
0 0.05105727298576399 0.15195232726353797 0.10058710714194471 0.29647784639736086
0 0.11875 0.1390625 0.109375 0.278125
0 0.22066125816812515 0.15014447169497708 0.08285409327423636 0.27254024122451137
0 0.28437891926229186 0.16705317537675848 0.08368924145062522 0.24133570533113408
2 0.3482998681598614 0.3606380393250966 0.09360975531833357 0.2650459899708702
2 0.7179259564001047 0.5274019904995956 0.12645731648875014 0.20042120031656907
4 0.4863278514423614 0.384821000066507 0.08237870174736131 0.11794366943775678
4 0.6281523287409378 0.3986752484171543 0.06958776101791671 0.1050799565847754
3 0.2609375 0.8953125 0.3375 0.209375
3 0.51171875 0.70390625 0.0890625 0.1484375
0 0.753125 0.759375 0.18125 0.259375