3 0.2901569902574721 0.3176498273192357 0.07639095048646745 0.08143314437666671
0 0.09247169236879249 0.1862582762168053 0.07971832223840884 0.2720581443766667
0 0.15202792451188502 0.15048312395635385 0.08772173701106123 0.2831774823325695
0 0.24753133928453738 0.15920220089433987 0.0636842191541536 0.24825696846486117
0 0.309386456979289 0.16557818104270788 0.06631829545304768 0.22020470364722228
2 0.3935683624164506 0.3316558163013189 0.07604785145940199 0.24073540919430556
3 0.759375 0.43203125 0.115625 0.2734375
3 0.8256286603051303 0.4029164865135413 0.11113196347211093 0.28216049620027783
3 0.8734934159871731 0.368976591186944 0.10049447240056467 0.2990934230620141
3 0.9430695304355139 0.32515254958381895 0.10471832223840885 0.27264002583555563
3 0.98125 0.2734375 0.0375 0.2875
2 0.0171875 0.75625 0.034375 0.271875
2 0.06680131087432314 0.8143793569545135 0.10246607548481954 0.32256729065319456
2 0.13847175933219552 0.8009876977602077 0.07864674593951496 0.3001467767854861
2 0.20813937702694715 0.807181839952673 0.09726037824476315 0.2927706878796529
2 0.2941899253226639 0.7668821886421522 0.0949342191541536 0.24898432028847228
2 0.6892978737805363 0.6942675319163885 0.036747797888679656 0.1367375870059723
2 0.7363228782447633 0.7017702541809718 0.03227848620028233 0.14912848423243058