2 0.02890625 0.56484375 0.0578125 0.0890625
0 0.04609375 0.48359375 0.0921875 0.2515625
0 0.7875 0.36875 0.425 0.25
0 0.85859375 0.46875 0.2828125 0.28125
0 0.628125 0.42734375 0.15625 0.3640625
0 0.7481850670911765 0.22007630292638095 0.30401898056478505 0.391083892318796
2 0.59609375 0.1484375 0.0921875 0.296875
1 0.953125 0.48203125 0.09375 0.1015625
3 0.12678522671649892 0.7354081897707884 0.2500161937061652 0.20498988342154761
3 0.38046875 0.9203125 0.2359375 0.159375
3 0.2705271298634163 0.8391764714054502 0.208729859653009 0.21733337452429885
5 0.278125 0.65390625 0.171875 0.0890625
3 0.8296875 0.68046875 0.0625 0.1421875
3 0.63828125 0.66484375 0.0546875 0.1109375
0 0.5953125 0.91484375 0.090625 0.1703125
4 0.6777433567275736 0.8212395549035472 0.10430317550756776 0.1928188527754692
2 0.75078125 0.86328125 0.1859375 0.2734375