2 0.146875 0.25859375 0.11875 0.1609375
0 0.18749263175064898 0.14819362294739163 0.11201888347992953 0.25528746369925487
4 0.73359375 0.29453125 0.1078125 0.0890625
2 0.81015625 0.15859375 0.1609375 0.3171875
0 0.940625 0.16953125 0.11875 0.3390625
2 0.27578125 0.50234375 0.1578125 0.3265625
0 0.46484375 0.52421875 0.1640625 0.3703125
3 0.38046875 0.91328125 0.0609375 0.1734375
3 0.2026811552491119 0.8893589784317818 0.05562006134007813 0.1612283914905479
0 0.34666673510869356 0.6285310836215844 0.1331845553496283 0.2351022287263694
2 0.97265625 0.7390625 0.0546875 0.134375
2 0.6950943114248961 0.6715589209556019 0.062232159888799286 0.12689884328594586
2 0.6671875 0.625 0.034375 0.115625
3 0.9591915608767418 0.875398035024199 0.05952382213985139 0.09407725292686635