0 0.18046875 0.20625 0.1171875 0.159375
3 0.4995858452102267 0.25925601514576047 0.2416659774344577 0.20511411905195925
3 0.6586676770261111 0.355528358337004 0.25507525956691135 0.23680062867060608
3 0.7404655948145152 0.42016626641170485 0.2147564849563052 0.13861609981466555
3 0.29375 0.1296875 0.109375 0.1625
3 0.3515180697416906 0.1876116497219983 0.20600126207419392 0.21323415389834946
5 0.3847013281214678 0.4179092741314351 0.17015469028743926 0.21510418874473985
5 0.30390625 0.475 0.1296875 0.134375
1 0.19296875 0.86484375 0.0921875 0.2703125
1 0.07421875 0.846875 0.1484375 0.303125
0 0.11484375 0.728125 0.2296875 0.15625
3 0.50390625 0.91328125 0.2421875 0.1734375
3 0.6625 0.953125 0.25625 0.09375
3 0.29609375 0.8 0.1140625 0.1625
3 0.3562055697416906 0.8579241497219983 0.20600126207419392 0.21323415389834946