0 0.4890625 0.175 0.1328125 0.24296875
0 0.5953125 0.2515625 0.15546875 0.22734375
0 0.26171875 0.27109375 0.13359375 0.2140625
0 0.70625 0.36484375 0.16171875 0.27734375
0 0.36640625 0.37265625 0.16640625 0.23671875
0 0.83984375 0.43125 0.15 0.23828125
0 0.48515625 0.465625 0.159375 0.23984375
0 0.13984375 0.4953125 0.1515625 0.2375
0 0.609375 0.5484375 0.15234375 0.23359375
0 0.24921875 0.5875 0.1484375 0.23515625
0 0.74375 0.6609375 0.13359375 0.26171875
0 0.371875 0.69140625 0.1578125 0.24453125
0 0.496875 0.784375 0.14453125 0.246875
0 0.36875 0.09921875 0.13671875 0.19765625