0 0.1375 0.5015625 0.228125 0.1890625
0 0.1671875 0.2640625 0.2078125 0.178125
0 0.24140625 0.621875 0.221875 0.165625
0 0.290625 0.38046875 0.2171875 0.1625
0 0.34453125 0.1109375 0.209375 0.171875
0 0.35 0.721875 0.2015625 0.1796875
0 0.4234375 0.4703125 0.24375 0.18125
0 0.47265625 0.22734375 0.21875 0.159375
0 0.48515625 0.84375 0.228125 0.16875
0 0.5515625 0.58828125 0.25625 0.171875
0 0.6015625 0.32265625 0.23125 0.175
0 0.65234375 0.70390625 0.2 0.1734375
0 0.73515625 0.44453125 0.228125 0.16875
0 0.82578125 0.55390625 0.1625 0.175