0 0.5015625 0.8625 0.1890625 0.228125
0 0.2640625 0.8328125 0.178125 0.2078125
0 0.621875 0.75859375 0.165625 0.221875
0 0.38046875 0.709375 0.1625 0.2171875
0 0.1109375 0.65546875 0.1734375 0.2109375
0 0.721875 0.65 0.1796875 0.2015625
0 0.4703125 0.5765625 0.18125 0.24375
0 0.22734375 0.52734375 0.159375 0.21875
0 0.84375 0.51484375 0.16875 0.228125
0 0.58828125 0.4484375 0.171875 0.25625
0 0.32265625 0.3984375 0.1765625 0.23125
0 0.70390625 0.34765625 0.1734375 0.2
0 0.44453125 0.26484375 0.1703125 0.228125
0 0.55390625 0.17421875 0.175 0.1625