0 0.4984375 0.1375 0.1890625 0.22890625
0 0.7359375 0.1671875 0.178125 0.2078125
0 0.378125 0.24140625 0.165625 0.221875
0 0.61953125 0.290625 0.16171875 0.2171875
0 0.8890625 0.34453125 0.17265625 0.21015625
0 0.278125 0.35 0.1796875 0.2015625
0 0.5296875 0.4234375 0.18203125 0.24453125
0 0.77265625 0.47265625 0.16015625 0.21875
0 0.15625 0.48515625 0.16953125 0.228125
0 0.41171875 0.5515625 0.17109375 0.25625
0 0.67734375 0.6015625 0.17578125 0.23046875
0 0.29609375 0.65234375 0.1734375 0.20078125
0 0.55546875 0.73515625 0.16953125 0.228125
0 0.44609375 0.82578125 0.175 0.1625