0 0.8625 0.4984375 0.228125 0.1890625
0 0.8328125 0.7359375 0.2078125 0.178125
0 0.75859375 0.378125 0.221875 0.165625
0 0.709375 0.61953125 0.2171875 0.1625
0 0.65546875 0.8890625 0.209375 0.1734375
0 0.65 0.278125 0.2015625 0.1796875
0 0.5765625 0.5296875 0.24375 0.18125
0 0.52734375 0.77265625 0.21875 0.159375
0 0.51484375 0.15625 0.228125 0.16875
0 0.4484375 0.41171875 0.25625 0.171875
0 0.3984375 0.67734375 0.23125 0.175
0 0.34765625 0.29609375 0.2 0.1734375
0 0.26484375 0.55546875 0.228125 0.16875
0 0.17421875 0.44609375 0.1625 0.175