0 0.5 0.1859375 0.1421875 0.2015625
0 0.74375 0.2015625 0.14375 0.1765625
0 0.36015625 0.240625 0.115625 0.1296875
0 0.6578125 0.3109375 0.1234375 0.175
0 0.55 0.35703125 0.0734375 0.078125
0 0.3015625 0.378125 0.109375 0.1328125
0 0.4546875 0.42109375 0.1171875 0.1578125
0 0.7859375 0.43515625 0.15625 0.2875
0 0.60390625 0.5140625 0.109375 0.1296875
0 0.31015625 0.5625 0.125 0.1359375
0 0.41875 0.6078125 0.04375 0.103125
0 0.7109375 0.64765625 0.1203125 0.1609375
0 0.5453125 0.68125 0.115625 0.1484375