0 0.1890625 0.16953125 0.140625 0.3390625
2 0.08100707855350668 0.20272834094965203 0.09695426728618077 0.34269151878308035
3 0.78984375 0.41953125 0.2796875 0.1390625
3 0.7484375 0.365625 0.196875 0.246875
0 0.93046875 0.24453125 0.1390625 0.4890625
0 0.5776268522048608 0.8274139590481603 0.09894925911805572 0.16013368676785794
0 0.42061443921083297 0.7866085924325268 0.08579594889756965 0.19862318380210836
0 0.25915026234909694 0.7690815583264073 0.07173344889756965 0.19805018083635878
2 0.5130909203091315 0.8787416957022876 0.07921864057694457 0.18430601581733086
2 0.35095459622093717 0.8564953280980708 0.06947996466513899 0.1682990138401644
2 0.18360344206062465 0.8567142095052709 0.0872857137152085 0.19556185079830274
3 0.6046875 0.971875 0.04375 0.05625
3 0.49609375 0.99140625 0.0578125 0.0171875
3 0.43046875 0.95625 0.0578125 0.0875
3 0.265625 0.96171875 0.059375 0.0765625
3 0.10234375 0.96015625 0.0390625 0.0796875
4 0.6138169657119787 0.9188175504549229 0.07078658510611113 0.09030134783255317
4 0.4540964735957635 0.927167266843095 0.05541615824437507 0.10060217787060921
4 0.30998279768395787 0.936934903193211 0.05719686379145843 0.11004084486680377
2 0.95859375 0.67421875 0.0828125 0.3703125