0 0.18515625 0.0859375 0.2078125 0.171875
2 0.29765625 0.0953125 0.1515625 0.190625
0 0.575 0.13828125 0.13125 0.2765625
0 0.75625 0.1171875 0.290625 0.234375
0 0.93984375 0.05703125 0.1203125 0.1140625
0 0.0828125 0.61796875 0.165625 0.3421875
0 0.28149906773085415 0.5737962005888217 0.2717200282669882 0.3279635573679075
0 0.45859375 0.56953125 0.1015625 0.2234375
1 0.6484375 0.60703125 0.278125 0.5765625
3 0.76875 0.9546875 0.4625 0.090625
3 0.8734375 0.58515625 0.253125 0.5328125
3 0.946875 0.5921875 0.10625 0.546875
5 0.5484375 0.5953125 0.078125 0.553125