0 0.1255791785768599 0.365625 0.21673506556940758 0.459375
1 0.86796875 0.309375 0.2640625 0.61875
5 0.66640625 0.3421875 0.1546875 0.553125
5 0.7375 0.33515625 0.23125 0.5671875
3 0.575 0.9078125 0.028125 0.184375
3 0.25078125 0.9328125 0.0890625 0.134375
3 0.3296875 0.934375 0.071875 0.13125
3 0.4015625 0.92734375 0.06875 0.1453125
3 0.46953125 0.9234375 0.0765625 0.153125
3 0.5390625 0.91953125 0.06875 0.1609375
2 0.12057507865161465 0.8078125 0.13859084308955422 0.1875
2 0.06625067213395228 0.8796875 0.13219539734428026 0.1625
2 0.03671875 0.94140625 0.0734375 0.1171875
0 0.64609375 0.73671875 0.1140625 0.2359375
0 0.7671875 0.68203125 0.178125 0.1265625
0 0.93046875 0.665625 0.1390625 0.09375