3 0.0359375 0.2234375 0.071875 0.190625
0 0.2625 0.225 0.20625 0.1875
3 0.825 0.2859375 0.053125 0.065625
3 0.875 0.28671875 0.046875 0.0640625
3 0.92578125 0.28984375 0.0484375 0.0578125
3 0.4242686303121811 0.7222964534763847 0.07897209765100222 0.08637845574818712
0 0.22132182356912128 0.8597002158823814 0.09228575455234651 0.27580482878371626
0 0.278125 0.875 0.1 0.25
0 0.3734375 0.878125 0.075 0.24375
0 0.43624212991646977 0.8738760701017732 0.07667747492717539 0.22202485731976349
2 0.496875 0.70390625 0.025 0.2453125
2 0.53046875 0.67734375 0.0421875 0.1296875