4 0.1438573149317081 0.2510083100602489 0.2310029827242534 0.3411546542193456
3 0.1140625 0.51875 0.228125 0.153125
4 0.94296875 0.12421875 0.1140625 0.2484375
4 0.5984375 0.10703125 0.121875 0.2140625
2 0.61328125 0.39609375 0.1859375 0.4859375
0 0.79140625 0.38203125 0.2015625 0.5140625
2 0.9609375 0.46796875 0.078125 0.3421875
3 0.721875 0.60234375 0.06875 0.0734375
2 0.234375 0.93125 0.06875 0.1375
2 0.1765625 0.95078125 0.075 0.0984375
2 0.07055261798634054 0.8895530182606493 0.08753717766703621 0.14823867694751697
2 0.02890625 0.97421875 0.0578125 0.0515625
3 0.1948888888058315 0.7556337601429745 0.06754605027685515 0.10418866801906326
3 0.02109375 0.778125 0.0421875 0.10625
0 0.66328125 0.7421875 0.1953125 0.20625