2 0.01875 0.396875 0.0375 0.15625
4 0.09119521282761305 0.22287208184331622 0.08104734577334831 0.12131449400955016
4 0.01796875 0.24921875 0.0359375 0.1015625
2 0.44609375 0.3171875 0.1328125 0.625
2 0.515625 0.31484375 0.246875 0.6296875
2 0.6328125 0.31484375 0.246875 0.6296875
2 0.75234375 0.31484375 0.2390625 0.6296875
2 0.87734375 0.31484375 0.2296875 0.6296875
2 0.940625 0.31484375 0.11875 0.6296875
0 0.12109375 0.81484375 0.2421875 0.3703125
0 0.28203125 0.89609375 0.1953125 0.2078125
3 0.65703125 0.71796875 0.4296875 0.1765625
0 0.63046875 0.81484375 0.3203125 0.3703125