3 0.02265625 0.053125 0.0453125 0.10625
3 0.00703125 0.615625 0.0140625 0.146875
3 0.41584065344522214 0.6133291046782734 0.09206132535009015 0.12713018577927465
0 0.325 0.61796875 0.053125 0.1421875
0 0.58671875 0.1375 0.1453125 0.275
2 0.05859375 0.54453125 0.1171875 0.2890625
2 0.0421875 0.3078125 0.084375 0.325
3 0.7234375 0.5484375 0.128125 0.15
3 0.725 0.2453125 0.13125 0.159375
3 0.88125 0.1609375 0.2375 0.1625
3 0.88203125 0.0390625 0.2359375 0.078125
3 0.37265625 0.80546875 0.3109375 0.2328125
3 0.49453125 0.7421875 0.3140625 0.10625
2 0.71953125 0.7953125 0.0984375 0.2125
3 0.78125 0.74921875 0.046875 0.1203125
0 0.9046875 0.76640625 0.190625 0.1546875