3 0.4890625 0.56875 0.06875 0.040625
3 0.525 0.05625 0.053125 0.1125
3 0.096875 0.0421875 0.090625 0.084375
0 0.18671875 0.0453125 0.0515625 0.090625
2 0.453125 0.125 0.11875 0.25
2 0.5019472301911555 0.3464106512532257 0.15810956623507266 0.31998353064607843
2 0.928125 0.29453125 0.14375 0.5890625
2 0.72734375 0.29453125 0.1171875 0.5890625
2 0.534375 0.73984375 0.178125 0.3015625
0 0.14140625 0.79453125 0.1984375 0.4109375
0 0.37421875 0.79453125 0.1734375 0.4109375
3 0.75859375 0.778125 0.1796875 0.36875
3 0.834375 0.7125 0.33125 0.246875