3 0.3390625 0.05234375 0.096875 0.1046875
0 0.25546875 0.05859375 0.0703125 0.1171875
2 0.04453125 0.1515625 0.0890625 0.303125
0 0.59296875 0.2796875 0.0671875 0.240625
2 0.6390625 0.17265625 0.159375 0.2953125
3 0.702230969585305 0.2890590937345351 0.14693695499752552 0.09807673111680729
2 0.0765625 0.54921875 0.153125 0.2984375
0 0.2359375 0.54375 0.2375 0.2875
3 0.234375 0.9046875 0.090625 0.190625
3 0.0484375 0.92265625 0.08125 0.1546875
0 0.14634946178338887 0.6257977758921391 0.1679532191310198 0.2612318283578453
0 0.90859375 0.59453125 0.1828125 0.3890625
0 0.7671875 0.51171875 0.253125 0.2234375
0 0.62109375 0.52890625 0.1234375 0.2578125