3 0.5 0.040625 0.059375 0.08125
2 0.43359375 0.10625 0.1609375 0.2125
2 0.4484375 0.26875 0.1625 0.2625
2 0.96171875 0.2 0.0765625 0.4
0 0.86875 0.2 0.2625 0.4
0 0.5984375 0.19765625 0.1375 0.3953125
2 0.65703125 0.171875 0.2296875 0.34375
3 0.9578125 0.06484375 0.084375 0.1296875
3 0.350287741068251 0.7345762061225568 0.15359219886161418 0.29963159012915475
3 0.4112212869283357 0.7808578242275301 0.14720583116686256 0.29163723370266403
3 0.4556531254020942 0.8211933192129652 0.139666066556366 0.3070349131695506
3 0.48984375 0.8671875 0.0796875 0.265625
2 0.89375 0.78125 0.19375 0.4375
0 0.7143480612780649 0.7449597766556704 0.19595479707460547 0.48983069279472174
0 0.8492434383083074 0.5997418680384662 0.14638762499835245 0.24476223370266403