3 0.39370875699444435 0.5061711700542487 0.06274403361182798 0.1603568474022122
3 0.0234375 0.61875 0.046875 0.040625
0 0.04609375 0.5515625 0.0609375 0.175
2 0.32076866410480687 0.4620996160764891 0.13594540615896059 0.3474398360381265
2 0.36916110726127443 0.1915319715963763 0.177559903193211 0.3341137215897856
2 0.62421875 0.51640625 0.1109375 0.2453125
3 0.6122890247517605 0.16464533238797383 0.09436540121604464 0.3232932240254177
0 0.85 0.1671875 0.190625 0.334375
3 0.15 0.84453125 0.3 0.3109375
3 0.31171875 0.70703125 0.3140625 0.1359375
3 0.22109375 0.77109375 0.3421875 0.2640625
3 0.49765625 0.8703125 0.0578125 0.078125
0 0.584375 0.81953125 0.2 0.3609375