3 0.0265625 0.32578125 0.053125 0.1828125
0 0.09609375 0.56328125 0.1921875 0.1515625
2 0.2778398679556509 0.4819370909138089 0.17097224282842394 0.15890875244707062
4 0.15882445081045748 0.17970741360181436 0.2647966538983496 0.20900301088459122
3 0.8619345818433162 0.13948918528617876 0.1500099568009073 0.2736607332097769
3 0.59453125 0.07265625 0.1296875 0.1453125
4 0.040625 0.678125 0.08125 0.078125
4 0.19453125 0.7171875 0.1265625 0.15625
4 0.36875 0.73046875 0.109375 0.1828125
0 0.55 0.76875 0.040625 0.259375
0 0.6390625 0.76484375 0.115625 0.2515625
4 0.7 0.90390625 0.11875 0.1921875
2 0.7859375 0.81953125 0.2125 0.3609375