0 0.37734375 0.13359375 0.1265625 0.2671875
3 0.29375 0.09140625 0.075 0.1828125
3 0.46875 0.09609375 0.0625 0.1921875
3 0.60859375 0.096875 0.0671875 0.19375
2 0.58671875 0.4 0.1234375 0.2375
4 0.63359375 0.39765625 0.0328125 0.2421875
5 0.9125 0.084375 0.175 0.16875
5 0.8399751644896988 0.20078125 0.19212061850068451 0.2125
3 0.784375 0.30859375 0.26875 0.4203125
2 0.1909549912910184 0.85078125 0.11431386724704336 0.2234375
3 0.12109375 0.91171875 0.0578125 0.1765625
0 0.05078125 0.8890625 0.1015625 0.221875
2 0.792412191211876 0.7453125 0.07454066191590947 0.1453125
2 0.7430857926238019 0.6953125 0.07886444906292792 0.1328125
3 0.7124793356433152 0.91484375 0.07179609514371972 0.1046875