5 0.46953125 0.54453125 0.0796875 0.1296875
5 0.05 0.13984375 0.1 0.1453125
3 0.05234375 0.5046875 0.1046875 0.209375
3 0.078125 0.53671875 0.15625 0.1453125
0 0.9265625 0.5296875 0.096875 0.159375
0 0.76484375 0.534375 0.0828125 0.15
2 0.984375 0.46328125 0.03125 0.1859375
2 0.8525986927185084 0.47751299379474704 0.07809938296032674 0.17046235731976367
2 0.6853384181114026 0.4681636108344202 0.0981593258882322 0.19946065260503384
3 0.97890625 0.31875 0.0421875 0.078125
3 0.9271555829175455 0.3710682487571457 0.06283394789030403 0.11050516046291677
3 0.8246255882942289 0.2953533112059238 0.05458480024766903 0.10076628742738744
3 0.7610211606678046 0.35241664040392484 0.06425089867609249 0.10745293507002263
3 0.6674851763835703 0.2856957131917851 0.07736732878371626 0.08779540653397522
3 0.5988122590962279 0.3510980812649157 0.04520980024766903 0.10032963978475226
4 0.9516675853987449 0.41196723056018064 0.060907574854774896 0.1026198858558109
4 0.8066269131490038 0.39429807940288886 0.06446922249741008 0.11214043507002262
0 0.109375 0.76953125 0.128125 0.3203125
0 0.24453125 0.75625 0.1046875 0.29375
4 0.33359375 0.90703125 0.1109375 0.1859375
4 0.04453125 0.9015625 0.0890625 0.196875
2 0.0265625 0.84765625 0.053125 0.3046875
2 0.40390625 0.81484375 0.1984375 0.3703125
3 0.79921875 0.72421875 0.4015625 0.2296875
3 0.6828125 0.7578125 0.346875 0.296875