5 0.2952486179134583 0.14563385029129855 0.13265895273377595 0.18006323620994652
5 0.23386300368317076 0.10921662866282852 0.12917331981405517 0.19711434389007837
5 0.153125 0.075 0.140625 0.15
3 0.91875 0.146875 0.1625 0.29375
3 0.6557101425549765 0.09803170539764108 0.17538204827463008 0.12205215940862688
2 0.5454942723726043 0.2470351582214927 0.18590392105489234 0.2502226235152495
4 0.94765625 0.48125 0.1046875 0.146875
4 0.7766410935240418 0.4313262755350431 0.11797373986054147 0.14844952335696499
4 0.618833947362769 0.4023925964638678 0.10125613342392406 0.13236988229073815
0 0.3984375 0.70859375 0.0625 0.2796875
2 0.3515625 0.7171875 0.15625 0.296875
4 0.96015625 0.8203125 0.0796875 0.240625
4 0.8370861926711921 0.7933799946562307 0.11707751139996639 0.22483016693047428
4 0.6807815623493612 0.7987076553184987 0.1322326178365838 0.24086434389007838
4 0.530169557153581 0.7672256377675215 0.1160613146182751 0.23259720282385157