3 0.07734375 0.32421875 0.1546875 0.3046875
1 0.14273754014123438 0.18046875 0.2597379274079058 0.215625
2 0.6171875 0.24921875 0.15 0.4796875
2 0.81640625 0.2515625 0.1453125 0.475
3 0.9359375 0.05 0.11875 0.1
3 0.22265625 0.59296875 0.1734375 0.2078125
3 0.2734375 0.67734375 0.071875 0.2640625
0 0.13203125 0.753125 0.2640625 0.49375
3 0.6392949575995175 0.7421875 0.1307188127540133 0.16875
0 0.5609375 0.5328125 0.271875 0.0875
2 0.3640625 0.6328125 0.109375 0.140625
4 0.4671875 0.9125 0.253125 0.175