3 0.159375 0.53125 0.31875 0.15625
3 0.1375 0.478125 0.275 0.2625
1 0.159375 0.1765625 0.31875 0.353125
0 0.6885008072208751 0.3858798096630977 0.14945016964062105 0.32907166558343126
3 0.7841172702892442 0.3568587370176518 0.09356263392680617 0.25936709172016936
3 0.6116286156628615 0.3247025763021892 0.08257058684890542 0.256051176947517
3 0.47441894196175544 0.2989640109603439 0.08386035145940199 0.24045345048646735
2 0.39140625 0.5515625 0.1453125 0.115625
4 0.35234375 0.53671875 0.0671875 0.1453125
3 0.25633496387585264 0.6995094817393508 0.06273755357072242 0.10418866801906326
3 0.19609375 0.6484375 0.0734375 0.078125
3 0.09978495494739895 0.6850493356343847 0.08285913879807003 0.09360572402541774
3 0.034375 0.634375 0.053125 0.05
4 0.24375 0.63203125 0.071875 0.0453125
2 0.48984375 0.8046875 0.3109375 0.390625
2 0.7609375 0.8046875 0.303125 0.390625
2 0.93359375 0.8046875 0.1328125 0.390625