3 0.13671875 0.27890625 0.2734375 0.3015625
3 0.30234375 0.3515625 0.4140625 0.15625
5 0.9390625 0.3234375 0.121875 0.2125
5 0.89765625 0.1748482202210985 0.16875 0.20629715756743253
3 0.8078125 0.128125 0.31875 0.25625
2 0.459375 0.9515625 0.06875 0.096875
0 0.18359375 0.89765625 0.1046875 0.2046875
4 0.303125 0.90234375 0.059375 0.1953125
2 0.5453125 0.78671875 0.071875 0.2515625
3 0.72578125 0.7271962783266502 0.1109375 0.06610449710451585
3 0.55625 0.74140625 0.09375 0.0734375
0 0.8359375 0.73984375 0.140625 0.5203125
4 0.69921875 0.8859375 0.0765625 0.228125