3 0.10859375 0.24296875 0.2171875 0.2515625
0 0.60625 0.0875 0.253125 0.175
0 0.909375 0.3078125 0.18125 0.121875
0 0.90546875 0.215625 0.1890625 0.30625
2 0.7835167134459219 0.1872325876596843 0.1534601711886312 0.27581029788867967
3 0.71640625 0.2953125 0.1140625 0.146875
1 0.6953460849760067 0.16306265624794042 0.10808950956072394 0.17669095941492108
2 0.20078125 0.41875 0.0859375 0.1
4 0.3582639944444456 0.5480161290555421 0.07303458667404979 0.1167704886359143
4 0.2568319023717251 0.5361007357932452 0.07329540252860856 0.09648526217486478
3 0.16350340453119339 0.4923313705341255 0.08964229333702489 0.05931254464226861
3 0.14657432525839925 0.5934847674498703 0.08767927513842758 0.053035271103318495
2 0.5265625 0.47265625 0.09375 0.2078125
3 0.69609375 0.3859375 0.1234375 0.034375
3 0.528125 0.403125 0.096875 0.06875
0 0.81640625 0.52109375 0.2046875 0.3046875
4 0.704737278682172 0.5435059070587194 0.10558387569213804 0.25936709172016936