3 0.321875 0.4046875 0.234375 0.128125
3 0.37734375 0.33671875 0.1234375 0.2640625
3 0.7671875 0.1015625 0.1875 0.203125
5 0.865625 0.05 0.1125 0.1
5 0.95546875 0.0125 0.0890625 0.025
2 0.290625 0.5515625 0.09375 0.165625
3 0.43515625 0.853125 0.0078125 0.178125
3 0.28340941410722237 0.8465041387739927 0.037628364019726315 0.14614895459715277
0 0.3843521067393148 0.5893981939604857 0.10243629869508944 0.21170252583555574
3 0.8734375 0.64921875 0.253125 0.3609375
3 0.68984375 0.8859375 0.2609375 0.228125
3 0.7864231367361332 0.811036804617812 0.26597263470717997 0.3045472553183336