3 0.38671875 0.38828125 0.1453125 0.2015625
3 0.0875 0.27421875 0.175 0.3234375
3 0.8109375 0.0953125 0.275 0.190625
3 0.73828125 0.13671875 0.2171875 0.1484375
0 0.208234060379164 0.6494097891923776 0.2973065264579661 0.2864385301218849
0 0.296875 0.51015625 0.246875 0.0421875
0 0.45 0.55 0.175 0.121875
0 0.56015625 0.5375 0.1390625 0.096875
3 0.07109375 0.9 0.1015625 0.2
3 0.0125 0.9015625 0.025 0.196875
2 0.34375 0.9546875 0.159375 0.090625
0 0.925 0.571875 0.15 0.165625
0 0.765625 0.51953125 0.146875 0.0609375