3 0.14427677046876744 0.32432747383972693 0.15790250702931327 0.2762335306460784
3 0.41015625 0.4703125 0.1390625 0.296875
0 0.9515625 0.33046875 0.096875 0.2421875
2 0.8773567901134746 0.21653085577839964 0.14285970388616037 0.28809686068413465
3 0.8218409983428611 0.3304540929268184 0.1429195541766104 0.0884788626613009
3 0.10703125 0.8359375 0.2140625 0.20625
3 0.2504347251834972 0.7529378824701454 0.2590625926374551 0.23824805239490826
3 0.3311538782028157 0.6946253167665454 0.21705056699689199 0.139845044486243
3 0.025 0.89453125 0.05 0.2109375
5 0.03046875 0.69765625 0.0609375 0.1578125
3 0.5835682487571457 0.7063335020143474 0.08005568114108108 0.07811968281352524
0 0.5421875 0.87890625 0.125 0.2421875
2 0.50703125 0.70390625 0.0546875 0.1703125