3 0.16484375 0.0515625 0.3296875 0.103125
0 0.1140625 0.16953125 0.228125 0.3390625
3 0.98828125 0.28671875 0.0234375 0.1046875
3 0.63046875 0.31484375 0.0703125 0.0484375
2 0.02578125 0.809375 0.0515625 0.184375
2 0.046875 0.671875 0.09375 0.2
2 0.10189660843385617 0.5174131230586745 0.13422667231952304 0.2994593413771451
2 0.3921875 0.66953125 0.125 0.6609375
2 0.46171875 0.66953125 0.2171875 0.6609375
2 0.58828125 0.66796875 0.2140625 0.6578125
2 0.73046875 0.6625 0.2046875 0.646875
2 0.86171875 0.65703125 0.2171875 0.6359375