4 0.07109375 0.20625 0.096875 0.353125
4 0.1640625 0.2359375 0.0921875 0.325
4 0.2484375 0.21953125 0.0828125 0.3453125
0 0.51484375 0.678125 0.265625 0.259375
0 0.42890625 0.89765625 0.2265625 0.1578125
0 0.27578125 0.875 0.14375 0.25
0 0.146875 0.88515625 0.153125 0.1921875
1 0.828125 0.81484375 0.1015625 0.1421875
1 0.92734375 0.86640625 0.0984375 0.1140625
1 0.96953125 0.796875 0.0609375 0.1328125
1 0.89453125 0.75859375 0.0890625 0.1140625
3 0.64609375 0.38984375 0.0734375 0.2375
3 0.734375 0.39140625 0.0609375 0.2109375
3 0.815625 0.3859375 0.0546875 0.2015625
3 0.8921875 0.3921875 0.0625 0.2109375
3 0.97109375 0.39296875 0.0546875 0.2046875
2 0.51796875 0.18125 0.134375 0.19375
2 0.45078125 0.25234375 0.1296875 0.1671875
2 0.37265625 0.33828125 0.1390625 0.171875