0 0.08203125 0.29296875 0.1640625 0.2328125
0 0.26875 0.38046875 0.190625 0.0578125
2 0.10703125 0.03359375 0.1703125 0.0671875
2 0.8484375 0.2078125 0.265625 0.403125
2 0.60859375 0.2296875 0.2578125 0.359375
4 0.0765625 0.45390625 0.14375 0.0890625
2 0.1625 0.70859375 0.234375 0.5828125
0 0.33671875 0.7046875 0.2546875 0.590625
3 0.30859375 0.903125 0.0828125 0.19375
3 0.5890625 0.7671875 0.21875 0.23125
3 0.8477280725183695 0.9008343722600205 0.2533135168750409 0.1858112767345796
3 0.723184429504611 0.8422855531745717 0.2332936827542902 0.23880901170746505
5 0.6856571807705555 0.5967048875817229 0.19735618275429018 0.23859993344863373
5 0.7808630425661207 0.5331832639469601 0.1677381154237622 0.15094539734428025