4 0.49921875 0.10234375 0.1203125 0.2046875
4 0.421875 0.1125 0.146875 0.225
4 0.33203125 0.11171875 0.1359375 0.2234375
0 0.14296875 0.41875 0.2859375 0.140625
2 0.065625 0.06953125 0.13125 0.1390625
2 0.12734375 0.0953125 0.1609375 0.190625
2 0.2233115301146058 0.16811109008370595 0.1709040434976597 0.21571454721387226
2 0.803125 0.24453125 0.209375 0.4890625
2 0.6296875 0.24453125 0.140625 0.4890625
3 0.4109375 0.8796875 0.296875 0.240625
3 0.3322740587463368 0.8147417083301483 0.30450440517037725 0.35755197867096394
3 0.2280733314837498 0.7132540740163418 0.2804939022046279 0.34212439974588627
5 0.12890625 0.65234375 0.2578125 0.3265625
5 0.12109375 0.55859375 0.2421875 0.1390625