0 0.14946189681159144 0.2788204352794196 0.27953376569391464 0.27665250702931343
0 0.24609375 0.43671875 0.2359375 0.0640625
0 0.39765625 0.39921875 0.1578125 0.1390625
0 0.52734375 0.41484375 0.1640625 0.1078125
3 0.02265625 0.06015625 0.0453125 0.1203125
0 0.978125 0.2171875 0.04375 0.434375
2 0.35373515752654666 0.6110828176205738 0.07248017912609299 0.15469180810555186
2 0.3072098763083534 0.7353229923515141 0.07609625244707079 0.1688998573197636
2 0.2375 0.8734375 0.0875 0.253125
3 0.877894398540872 0.7438547380082879 0.05198911905195924 0.237975188998964
4 0.7765625 0.97265625 0.125 0.0546875