4 0.0328125 0.18125 0.065625 0.3625
4 0.11640625 0.19296875 0.0859375 0.3421875
4 0.20390625 0.17265625 0.075 0.3453125
0 0.45390625 0.6078125 0.265625 0.2890625
0 0.35390625 0.84609375 0.228125 0.18125
0 0.19609375 0.846875 0.140625 0.2796875
0 0.06953125 0.8703125 0.1390625 0.2078125
1 0.76953125 0.7125 0.1015625 0.1546875
1 0.86953125 0.753125 0.096875 0.1265625
1 0.9296875 0.67578125 0.084375 0.14375
1 0.84140625 0.64609375 0.0890625 0.125
3 0.98828125 0.25859375 0.01875 0.2453125
3 0.60546875 0.29453125 0.0671875 0.25
3 0.69609375 0.28515625 0.05625 0.2203125
3 0.78125 0.26953125 0.0515625 0.2125
3 0.85859375 0.26640625 0.059375 0.221875
3 0.93984375 0.25859375 0.0515625 0.2140625
2 0.484375 0.1 0.1328125 0.2
2 0.4109375 0.175 0.1296875 0.1828125
2 0.32578125 0.27421875 0.1375 0.1890625