4 0.0421875 0.6625 0.084375 0.153125
4 0.11875 0.6734375 0.090625 0.13125
0 0.39032732361642974 0.35383232297388884 0.27908830231458365 0.2967913981258558
0 0.3014254512000731 0.11264137015003728 0.23656685442427944 0.18788775956691142
0 0.14296875 0.12421875 0.1546875 0.2484375
0 0.04609375 0.09296875 0.0921875 0.1859375
3 0.5265625 0.6421875 0.078125 0.19375
2 0.3265625 0.71484375 0.1375 0.0484375
2 0.24609375 0.6625 0.1453125 0.153125
1 0.87890625 0.64609375 0.2421875 0.1859375
1 0.7515002640631359 0.35236309969606616 0.2872989086008898 0.27206418276559197
1 0.8358837644774205 0.505803999933493 0.2862072894943021 0.24862668276559177
4 0.0140625 0.86953125 0.028125 0.2609375
4 0.06484375 0.86953125 0.1078125 0.2609375
4 0.14921875 0.86953125 0.0984375 0.2609375
3 0.5546875 0.79765625 0.084375 0.1171875
2 0.41640625 0.92109375 0.1421875 0.1578125
2 0.3534586004998472 0.8685851447606435 0.13747438296032682 0.17096102084968265
2 0.278125 0.803125 0.146875 0.128125
2 0.678125 0.86953125 0.134375 0.2609375
2 0.79140625 0.86953125 0.1265625 0.2609375
2 0.9140625 0.86953125 0.125 0.2609375