0 0.04765625 0.33671875 0.0953125 0.4859375
0 0.15234375 0.4109375 0.2390625 0.3375
0 0.373346378774457 0.36340083766627485 0.2851898349760068 0.3342967280826075
0 0.5625 0.35078125 0.134375 0.2265625
2 0.7984375 0.10546875 0.18125 0.2109375
4 0.7222635425618325 0.24536785795881427 0.09883562307124442 0.12970686525911965
2 0.1453125 0.92421875 0.290625 0.1515625
2 0.25234375 0.8890625 0.2984375 0.221875
2 0.3765625 0.8765625 0.296875 0.246875
2 0.50234375 0.8765625 0.2546875 0.246875
2 0.56171875 0.85234375 0.1359375 0.2953125