0 0.4875 0.175 0.125 0.35
0 0.3390625 0.1578125 0.203125 0.315625
0 0.11484375 0.17265625 0.2296875 0.3265625
0 0.87890625 0.096875 0.2078125 0.19375
2 0.9046875 0.321875 0.190625 0.05625
2 0.69609375 0.240625 0.1984375 0.21875
5 0.3445365730491877 0.5761600877548863 0.07423988960884884 0.22704588479802065
0 0.4265625 0.50390625 0.10625 0.3078125
3 0.04296875 0.74921875 0.0859375 0.1359375
3 0.059375 0.45703125 0.078125 0.2140625
3 0.0140625 0.4484375 0.028125 0.196875
3 0.1453125 0.44140625 0.078125 0.1828125
3 0.51796875 0.4296875 0.0640625 0.159375
3 0.66015625 0.809375 0.2203125 0.38125
0 0.6625 0.5734375 0.225 0.446875