0 0.38515625 0.25234375 0.1296875 0.4546875
0 0.30625 0.178125 0.25 0.35625
0 0.11015625 0.15078125 0.2203125 0.3015625
3 0.81875 0.06328125 0.25 0.1265625
2 0.1828125 0.575 0.178125 0.190625
3 0.9703125 0.98125 0.059375 0.0375
3 0.809375 0.96796875 0.0625 0.0640625
3 0.64453125 0.946875 0.0703125 0.10625
3 0.48203125 0.92265625 0.0640625 0.1546875
0 0.7235741738790956 0.684213104295525 0.13183622631118475 0.28771485870696817
0 0.842341419924763 0.7078336295043959 0.1090062213682689 0.2633860207602467
4 0.879756553803421 0.8650850553978389 0.10862953657757757 0.17757585475263546
4 0.6302141516359742 0.7860528355124445 0.09794670456235507 0.18338018577927465
2 0.5798122450199031 0.7362637411399324 0.16691156326932316 0.3063030326232449
2 0.93125 0.80703125 0.1375 0.3421875