3 0.31484375 0.3265625 0.2484375 0.10625
3 0.36015625 0.26640625 0.1578125 0.2265625
5 0.4046875 0.18984375 0.06875 0.3359375
2 0.7121662837033338 0.12047404294004468 0.06592471463952734 0.1409704336450254
2 0.6557685804363461 0.08407345550783125 0.07017556699689198 0.1316227047222643
2 0.5460168988809803 0.16051375654110353 0.08333053846084475 0.1457579275949012
2 0.50390625 0.04921875 0.0640625 0.0984375
3 0.6657023143062957 0.29735470550783116 0.06417812406898663 0.1034704336450254
3 0.47603834677128437 0.26876259377692513 0.07355312406898662 0.10352497579950323
2 0.2 0.46171875 0.096875 0.1640625
2 0.16321074524248907 0.5967911032448949 0.10255572745980875 0.18960792154477701
2 0.10337348056018066 0.7549944886853185 0.12723470388616018 0.2834760962128122
1 0.85703125 0.8640625 0.2859375 0.259375
3 0.796055440237309 0.6112399435057787 0.35187513895618283 0.3441419272021179
3 0.81171875 0.484375 0.2296875 0.209375
0 0.56953125 0.51328125 0.2609375 0.2671875