3 0.3203125 0.36796875 0.303125 0.2828125
3 0.3921583947158919 0.24051849107484155 0.2773052352084335 0.3296092280826075
3 0.471875 0.1328125 0.253125 0.265625
5 0.5265625 0.07578125 0.184375 0.1515625
2 0.65859375 0.41328125 0.0796875 0.1921875
3 0.659375 0.12265625 0.08125 0.2453125
0 0.878125 0.10546875 0.240625 0.2109375
2 0.35546875 0.7546875 0.2140625 0.490625
0 0.16484375 0.80703125 0.2140625 0.3859375
0 0.3015625 0.95 0.159375 0.1
3 0.71015625 0.625 0.1359375 0.23125
3 0.94609375 0.55625 0.1078125 0.09375
4 0.64375 0.92890625 0.05 0.1421875
4 0.8018305305717164 0.8810713530875504 0.10735619665368965 0.14396028003177222
4 0.959375 0.8515625 0.08125 0.128125