3 0.4125 0.18671875 0.2125 0.3734375
3 0.446875 0.3453125 0.14375 0.359375
2 0.540625 0.3 0.04375 0.13125
2 0.5681576671749996 0.3459672398703148 0.07147756933854162 0.12038958271265762
2 0.6838560555677426 0.30389955624803433 0.08274237765916688 0.13496150496239884
2 0.6906671403895134 0.4136191586053991 0.06464568787965277 0.09509848428423417
2 0.7994251977602078 0.3679727107150949 0.09342530452090295 0.12453342721213971
2 0.8502057945498258 0.3991648986806016 0.07772756933854197 0.12068068114108108
3 0.6147092781166663 0.1565023254784566 0.06464568787965277 0.09509848428423436
3 0.7715210161488191 0.2256782028572121 0.07249455547083343 0.09702485731976349
3 0.8761351277560759 0.25748466687756666 0.0834684230620141 0.09909677956950454
2 0.48125 0.58125 0.075 0.04375
2 0.42421875 0.59609375 0.0796875 0.0734375
2 0.27109375 0.603125 0.0734375 0.0875
2 0.1109375 0.5765625 0.0875 0.034375
2 0.4875 0.953125 0.0625 0.078125
3 0.640625 0.7734375 0.24375 0.390625
3 0.6 0.67265625 0.1625 0.2265625