3 0.08203125 0.340625 0.1640625 0.196875
3 0.8171875 0.078125 0.365625 0.15625
1 0.64609375 0.11015625 0.2953125 0.2203125
1 0.84140625 0.32421875 0.3171875 0.2296875
2 0.09453125 0.92734375 0.0828125 0.1453125
3 0.09375 0.98984375 0.1125 0.0203125
0 0.36875 0.8828125 0.134375 0.234375
4 0.25522084864869904 0.882385847830931 0.07163060206654456 0.22901786660488846
0 0.7757474929679171 0.8078471501005164 0.24202491529826098 0.24902781015895173
0 0.8515625 0.9640625 0.20625 0.071875
0 0.959375 0.9375 0.08125 0.125
1 0.5 0.9203125 0.08125 0.134375
3 0.659375 0.54609375 0.06875 0.2140625
3 0.5804157704880637 0.5427380491895426 0.057349933448633726 0.19102679328391084
3 0.5069191831540462 0.5351462931990929 0.052626072012315284 0.18461310217691826
2 0.83515625 0.471875 0.1203125 0.065625
2 0.90390625 0.51328125 0.1265625 0.1484375