1 0.29609375 0.14765625 0.2671875 0.2953125
3 0.21484375 0.40859375 0.4296875 0.0828125
3 0.096875 0.17109375 0.19375 0.3421875
3 0.6766114642297516 0.24566211943047733 0.33643422952672336 0.3908184952754947
3 0.57109375 0.14609375 0.2828125 0.2921875
3 0.50546875 0.08984375 0.1515625 0.1796875
2 0.12421875 0.728125 0.2484375 0.54375
2 0.31796875 0.71015625 0.2234375 0.5203125
5 0.90625 0.8890625 0.1875 0.221875
5 0.8381846650155399 0.7671328700634495 0.21047954342324343 0.23198415389834964
5 0.528125 0.571875 0.196875 0.24375
3 0.7328125 0.675 0.403125 0.45