1 0.2609375 0.3390625 0.24375 0.440625
3 0.47578125 0.35546875 0.0859375 0.4078125
5 0.046875 0.33984375 0.09375 0.4390625
5 0.11328125 0.3484375 0.1703125 0.421875
0 0.21953125 0.68125 0.4109375 0.24375
2 0.44765625 0.8453125 0.1421875 0.309375
3 0.35 0.9359375 0.121875 0.128125
1 0.36226948955076416 0.8071475380877434 0.1155925516711113 0.20258209897381949
2 0.9234375 0.7796875 0.153125 0.440625
2 0.82578125 0.7796875 0.2046875 0.440625
2 0.6875 0.7796875 0.196875 0.440625
2 0.58984375 0.7796875 0.1421875 0.440625