3 0.378125 0.51328125 0.096875 0.28125
3 0.44609375 0.48046875 0.0921875 0.275
3 0.49609375 0.45078125 0.0796875 0.29375
3 0.56875 0.41171875 0.0859375 0.265625
3 0.6390625 0.36640625 0.075 0.2828125
3 0.87578125 0.3640625 0.1796875 0.15
3 0.903125 0.4953125 0.175 0.1421875
2 0.90078125 0.1546875 0.15625 0.309375
0 0.775 0.6890625 0.09375 0.1921875
0 0.734375 0.334375 0.1203125 0.125
0 0.6765625 0.69453125 0.1109375 0.1296875
0 0.5734375 0.87109375 0.1296875 0.2578125
0 0.7046875 0.81640625 0.1125 0.1078125
0 0.921875 0.784375 0.15625 0.428125