3 0.49609375 0.2984375 0.1265625 0.140625
3 0.44140625 0.30859375 0.1546875 0.1203125
3 0.38671875 0.3140625 0.1484375 0.109375
3 0.3078125 0.33046875 0.146875 0.0765625
3 0.0484375 0.2765625 0.096875 0.178125
0 0.15593907759274242 0.11721832223840885 0.13729672618081654 0.2101034772718286
0 0.25402723660565785 0.13376666842280507 0.14030205423577743 0.15237279788867958
0 0.38671875 0.0625 0.1859375 0.125
0 0.24765625 0.03671875 0.1359375 0.0734375
0 0.07734375 0.10859375 0.1546875 0.2171875
2 0.76015625 0.3203125 0.0984375 0.096875
4 0.6566283655311838 0.16456052110002303 0.08323370031656907 0.12326595048646745
4 0.7514695040901281 0.20369693343704345 0.08108016693047429 0.10292617694751698
3 0.8291602465682807 0.2706447000761349 0.09414245658477541 0.06879663879807012
3 0.8772818463308539 0.180124840092021 0.09083560015828454 0.06249209172016936
2 0.27415214931299003 0.8615076590873143 0.09838733887551357 0.16101141233702024
2 0.2438388605166189 0.7321377589251584 0.10509197994174038 0.17674550649282175
2 0.1934714844940868 0.5844581895261234 0.13254704169936513 0.2615568831160271
2 0.8215175796378065 0.8757535710205928 0.12258100831327016 0.24108074188232517
3 0.9609375 0.96796875 0.078125 0.0640625
3 0.8149098784633075 0.9170234533258412 0.12276756175762475 0.08647506249917622
4 0.9671875 0.81796875 0.065625 0.2328125