3 0.10625 0.4953125 0.2125 0.146875
3 0.21834712403768836 0.39425636113039336 0.2603930246489437 0.24259483660582398
3 0.2703125 0.309375 0.196875 0.14375
2 0.89921875 0.3390625 0.2015625 0.459375
4 0.6464002029613607 0.18544759243219316 0.2383343181810801 0.3269852471574026
3 0.7404655427391669 0.425246568825257 0.2947060696514182 0.1542449681476203
0 0.215625 0.87421875 0.30625 0.2515625
0 0.2921875 0.89140625 0.153125 0.2171875
0 0.1296875 0.9015625 0.24375 0.196875
0 0.19653964382539205 0.7655768952606732 0.2981939970593238 0.369414941839261
2 0.05234375 0.73671875 0.1046875 0.2859375
2 0.62265625 0.9046875 0.1328125 0.190625
3 0.60703125 0.65546875 0.1234375 0.1734375
0 0.8453125 0.63671875 0.23125 0.1359375