3 0.11484375 0.3765625 0.2296875 0.2375
3 0.04375 0.225 0.0875 0.271875
3 0.221875 0.47265625 0.215625 0.1921875
5 0.23828125 0.23984375 0.1828125 0.2453125
5 0.30078125 0.20390625 0.0578125 0.1546875
2 0.3890625 0.065625 0.11875 0.13125
2 0.4421875 0.0609375 0.146875 0.121875
2 0.50078125 0.090625 0.1328125 0.18125
2 0.56484375 0.0703125 0.1046875 0.140625
2 0.6203125 0.08125 0.09375 0.1625
2 0.6828125 0.0734375 0.10625 0.146875
2 0.74921875 0.11953125 0.1140625 0.2390625
2 0.81953125 0.11484375 0.0921875 0.2296875
2 0.8828125 0.12265625 0.109375 0.2453125
2 0.9578125 0.103125 0.084375 0.20625
3 0.3375 0.3546875 0.015625 0.15
3 0.42625008610448545 0.37124269916311947 0.044608150270152434 0.11429884933607007
3 0.44552836496042597 0.4086381600337038 0.06599207694917482 0.10036361436318479
3 0.4976637838349 0.4247444281840764 0.06582838584218216 0.0956761143631848
3 0.5784326341977197 0.4328700246914761 0.06168652286549072 0.11127384328594588
3 0.6286955290255765 0.41773083802138855 0.08265378729346118 0.13014201795398073
3 0.67890625 0.49765625 0.0765625 0.1421875
3 0.7796404701325692 0.4215411183702054 0.1024752139724832 0.11619769262201593
3 0.8453125 0.50859375 0.109375 0.1203125
1 0.21328125 0.784375 0.2328125 0.43125
5 0.06796875 0.784375 0.1359375 0.43125
5 0.12265625 0.784375 0.2453125 0.43125
3 0.60859375 0.796875 0.3671875 0.40625
3 0.8515625 0.66171875 0.296875 0.1859375
3 0.74765625 0.71015625 0.3609375 0.2828125