3 0.23203125 0.36171875 0.1953125 0.1765625
3 0.12109375 0.2578125 0.2421875 0.240625
3 0.07734375 0.18125 0.1546875 0.14375
2 0.83125 0.225 0.221875 0.45
0 0.61953125 0.225 0.1984375 0.45
0 0.41171875 0.225 0.1640625 0.45
3 0.465625 0.0109375 0.05 0.021875
3 0.0890625 0.62109375 0.178125 0.3421875
2 0.5006567173774525 0.526553697422752 0.06720677601845378 0.1393767605154496
4 0.6173822353994061 0.6822537415207154 0.05904883068109026 0.1092798247398008
4 0.5280015620623608 0.6595775593631112 0.06039315467854491 0.09061171189493056
3 0.4515839653882702 0.6088615863869041 0.07718066534054513 0.057137470601357786
3 0.4197805294000424 0.697299966644629 0.07710794000636331 0.05088747060135788