3 0.38515625 0.46484375 0.2484375 0.2140625
3 0.21439269421941276 0.32799255226378266 0.2641738824329643 0.24764635765251128
3 0.12583025992301283 0.23943901550266683 0.2301570266917457 0.13966725768074628
3 0.4765625 0.5703125 0.065625 0.21875
5 0.471875 0.3125 0.075 0.23125
3 0.6207568048663662 0.1800842152344356 0.05582287155854946 0.1840711631118273
3 0.8154790558549493 0.19610187031258083 0.05400570357377177 0.17773015785015547
0 0.60546875 0.5203125 0.1078125 0.31875
4 0.6845659313678315 0.3880024020237863 0.08783687551288218 0.2046412683452644
2 0.7517826062726913 0.43088712301400395 0.1463735701894054 0.3405479472421071
0 0.09140625 0.71484375 0.1828125 0.0703125
0 0.3265625 0.7203125 0.240625 0.08125
3 0.61875 0.73671875 0.109375 0.1140625
3 0.68515625 0.7203125 0.1046875 0.08125
3 0.73359375 0.71171875 0.0921875 0.0640625
0 0.9859375 0.84921875 0.028125 0.1984375
0 0.925174979808407 0.8495615283039106 0.11622186068413445 0.1361488735787013
0 0.828125 0.94296875 0.140625 0.1140625
0 0.94921875 0.9578125 0.1015625 0.084375