3 0.35859375 0.315625 0.2546875 0.16875
3 0.5291109565961396 0.22684905325200297 0.26851583203372587 0.2639083944842143
3 0.615921160606321 0.14684376386005127 0.22823518268618095 0.1569457629424182
3 0.2 0.36015625 0.215625 0.0796875
5 0.23208196260345745 0.19027930560049028 0.17921697469763487 0.238408594568919
5 0.13587058127786616 0.13889038182414487 0.15634200135263548 0.15119702090551304
2 0.9 0.18203125 0.175 0.3640625
2 0.59296875 0.47890625 0.1234375 0.1578125
4 0.17642176125877612 0.5976437555440205 0.07632723734881744 0.11843075256024882
4 0.3413655085932762 0.5794489504376404 0.08103291868236298 0.1202662683452644
4 0.4834711925923216 0.5781987216255022 0.06838746801399935 0.10703822625188941