3 0.08671875 0.57734375 0.1734375 0.1640625
3 0.19375 0.62578125 0.20625 0.0671875
5 0.20151614867022455 0.45179311654434084 0.16985087946721472 0.22249586189159737
5 0.30651932505795915 0.4080996275622576 0.15072419467652337 0.13619468597979179
4 0.83515625 0.5765625 0.1953125 0.165625
4 0.61640625 0.12109375 0.1765625 0.2421875
0 0.4734375 0.21328125 0.046875 0.2921875
2 0.7777483848300601 0.3910569447165978 0.21471771049385424 0.2126130220358334
5 0.31305187346135366 0.8823567047845842 0.108565869581383 0.1742388934267362
5 0.234375 0.90703125 0.1 0.1859375
5 0.13046875 0.9328125 0.1109375 0.134375
0 0.7875 0.9109375 0.28125 0.178125
3 0.6734375 0.721875 0.0875 0.125
3 0.58515625 0.7140625 0.0734375 0.109375
3 0.5046875 0.70703125 0.065625 0.0953125
2 0.9375 0.6859375 0.125 0.053125