0 0.2828125 0.39609375 0.19375 0.3078125
4 0.8594547286304165 0.17074767384191453 0.14549836499257687 0.2772230276803288
4 0.5004415767759658 0.14873599996281897 0.12386902645796613 0.28101918973360734
2 0.51171875 0.3859375 0.1890625 0.328125
0 0.68984375 0.36796875 0.2046875 0.3640625
0 0.9671875 0.409375 0.065625 0.28125
2 0.909375 0.44921875 0.18125 0.2015625
2 0.05859375 0.80078125 0.1171875 0.3984375
0 0.21796875 0.775 0.2015625 0.45
2 0.40625 0.71953125 0.053125 0.3171875
2 0.433582788898039 0.7437102603429423 0.0929532191310198 0.2563720168059138
2 0.4920094425615121 0.7296358314837498 0.08333255766563052 0.25130251482874755
2 0.5480613687262224 0.7608739026245572 0.09467949344127931 0.2595606838021084
2 0.6297108384230692 0.7053149693167405 0.10017922094004206 0.3050005177944971
2 0.6977238540269013 0.7165761214841873 0.07872030076822564 0.28229784684397
2 0.7627313783371609 0.7108089411421201 0.09549836499257687 0.2751856838021084
2 0.8395495058813521 0.7474375078343033 0.09501368611433296 0.23618685079830276