3 0.16953125 0.32109375 0.0828125 0.0765625
3 0.8859375 0.109375 0.228125 0.21875
3 0.8244796863658277 0.1874552467689588 0.26351355233436974 0.3182097118153475
3 0.72421875 0.25 0.2390625 0.21875
5 0.59453125 0.2890625 0.2890625 0.140625
5 0.4515625 0.053125 0.265625 0.10625
0 0.234375 0.63828125 0.16875 0.5578125
2 0.21328125 0.921875 0.1828125 0.15625
3 0.11916285480991395 0.8193202297671183 0.13678445236260464 0.28561280452090293
1 0.1140625 0.9625 0.128125 0.075
0 0.95234375 0.71171875 0.0953125 0.5390625
0 0.8402342180064458 0.5984687480032298 0.20523061547443203 0.3355777433504862
0 0.6105089206513993 0.5790783958952781 0.2541385523343699 0.31799150626826406
0 0.4036905022779001 0.5243324252462156 0.1515302208490433 0.21729921561506957