3 0.6203125 0.16484375 0.059375 0.0703125
3 0.6029530450460105 0.36380167410725867 0.07545574188232518 0.1190454065339754
3 0.36205135551659173 0.3814642473094036 0.06268300649282174 0.10283820967712849
3 0.3212393948838548 0.3241397448282043 0.050900026785361166 0.05389128742738745
3 0.3531830957773591 0.23117314888098023 0.06844208279171564 0.07500430810555195
0 0.49569787824476325 0.2565456381276133 0.14351599512873606 0.17217471463952716
3 0.93984375 0.07578125 0.0734375 0.1515625
3 0.7681319857932453 0.09314445595307479 0.08427736282348768 0.17722177956950452
0 0.8275338538917387 0.4104989298982269 0.15534561363426674 0.31323636228216234
0 0.94375 0.396875 0.1125 0.284375
4 0.97109375 0.2328125 0.0578125 0.19375
4 0.7380701590873142 0.29392355190029884 0.11431941882984216 0.19891699710451577
2 0.7140625 0.33984375 0.128125 0.3328125
3 0.511201921669216 0.9175045628585536 0.08417617694751697 0.08198205417661057
2 0.59765625 0.90859375 0.1046875 0.1828125
2 0.85234375 0.784375 0.2953125 0.43125
0 0.7125 0.778125 0.125 0.41875
3 0.71171875 0.9703125 0.0640625 0.059375