3 0.24765625 0.43125 0.0640625 0.015625
3 0.23478749383536207 0.26094426471449045 0.07918445712440043 0.1161538489046432
3 0.01328125 0.2421875 0.0265625 0.103125
3 0.0078125 0.3921875 0.015625 0.075
0 0.1234375 0.3609375 0.146875 0.15625
0 0.53671875 0.2140625 0.0734375 0.16875
0 0.8296875 0.34296875 0.340625 0.1921875
0 0.9109375 0.21953125 0.178125 0.4390625
0 0.7734375 0.21953125 0.328125 0.4390625
0 0.7953125 0.3765625 0.35625 0.125
3 0.57890625 0.334375 0.1578125 0.209375
2 0.3198843846437784 0.6332404650310595 0.14797163479143655 0.2647564849563052
3 0.12017547887596725 0.6710229245188287 0.12551923658176464 0.08475073620994636
3 0.3045807572535974 0.677354177884041 0.13862001387966066 0.09448944906292792
0 0.078125 0.6765625 0.15625 0.475
4 0.1875 0.53671875 0.1375 0.1953125
5 0.8015625 0.925 0.140625 0.15
5 0.71875 0.93046875 0.1375 0.1390625
5 0.60625 0.94921875 0.15 0.1015625