3 0.50234375 0.45390625 0.0546875 0.0296875
0 0.678626389643836 0.3244710754784566 0.1844124031980126 0.2835146290313853
2 0.6703125 0.0375 0.175 0.075
2 0.8672308682720097 0.1258943726257537 0.1794612827847038 0.2379838052100677
3 0.5453125 0.7890625 0.046875 0.165625
3 0.3566241246167213 0.8171423806885244 0.052626072012315284 0.1852140620344933
3 0.162101964975801 0.8246403192732036 0.05102721057599684 0.17889128742738744
0 0.38125 0.55 0.103125 0.1625
0 0.51875 0.5328125 0.08125 0.128125
4 0.55703125 0.6046875 0.0234375 0.19375
4 0.2992166664766115 0.615965178454994 0.08398515632127061 0.20541955417661056
2 0.2328125 0.61015625 0.140625 0.2828125
2 0.713135283373879 0.5649441799027362 0.05983860831306061 0.08245293507002258