3 0.04609375 0.159375 0.0921875 0.15
3 0.19871733278842035 0.23883724716351312 0.26975121266133184 0.15464936223247855
3 0.2053782102224047 0.3965360868969564 0.2851580243497292 0.14260400329870535
3 0.41015625 0.2890625 0.0796875 0.121875
3 0.41953125 0.4 0.0609375 0.15
0 0.25859375 0.5796875 0.1765625 0.178125
3 0.9406611452875964 0.372296953352577 0.04636825973923262 0.151272994985435
3 0.7649753526739227 0.38288041534762857 0.05294554220663663 0.17020485141192587
3 0.58272591436232 0.375676983769171 0.051246674511885006 0.16234688730530317
0 0.7515625 0.10625 0.1 0.2125
0 0.878125 0.0953125 0.08125 0.190625
4 0.96015625 0.2046875 0.0796875 0.178125
4 0.6897593441525061 0.19356551425227195 0.08134327759614006 0.18664820533113408
2 0.6242473924482228 0.15717102467711327 0.13503311363426668 0.31002352084968265
2 0.97421875 0.146875 0.0515625 0.29375
2 0.15625 0.71796875 0.078125 0.0984375
0 0.41015625 0.76328125 0.0796875 0.1890625
4 0.31171875 0.7625 0.0671875 0.1875
3 0.77109375 0.74765625 0.3671875 0.1578125
3 0.72734375 0.803125 0.2421875 0.26875
0 0.5328125 0.834375 0.165625 0.33125
0 0.915625 0.834375 0.16875 0.33125