3 0.17584580362034785 0.4847380116471033 0.3228621250424091 0.17912309249133962
3 0.425 0.4109375 0.25 0.178125
3 0.42890625 0.253125 0.2421875 0.16875
0 0.48671875 0.08359375 0.1265625 0.1671875
0 0.8546875 0.6390625 0.153125 0.140625
0 0.7515625 0.6328125 0.0875 0.153125
0 0.6231697261230189 0.5849992039814728 0.11036212504240908 0.16798643939369348
2 0.8847247850160264 0.5665956054972394 0.09629962504240908 0.1672494549975255
2 0.7378299376484316 0.5288986109243062 0.1073462524470706 0.17094766508343398
2 0.58046875 0.5265625 0.0609375 0.190625
3 0.8866171233131286 0.3966549197215906 0.04735120435383635 0.105417840343633
3 0.8197396473597456 0.4314670109697348 0.04798612141421188 0.07893722749876275
3 0.7047024352013608 0.36470663613907695 0.06382937622353531 0.08600609905006032
3 0.6653968877410987 0.4270328957500154 0.05154763103285873 0.09160100180902227
3 0.57109375 0.3828125 0.0421875 0.08125
4 0.8062426317506489 0.4932233825210323 0.0802182680561673 0.10869997060135787
4 0.6678522543459873 0.4973453957500154 0.07821925843752045 0.09611808344622812
3 0.3859375 0.796875 0.190625 0.175
3 0.31640625 0.74453125 0.1953125 0.0703125
0 0.94765625 0.925 0.1046875 0.15
3 0.871875 0.965625 0.065625 0.06875
3 0.73203125 0.96875 0.0671875 0.0625
2 0.7296875 0.78203125 0.125 0.1453125
4 0.63125 0.78671875 0.14375 0.1546875