2 0.171875 0.14296875 0.171875 0.2859375
3 0.36328125 0.39453125 0.2046875 0.1484375
3 0.06015625 0.24453125 0.1203125 0.2609375
5 0.259375 0.4359375 0.121875 0.065625
3 0.7477746822905147 0.15794259982908015 0.2245946915466968 0.24359219028743925
2 0.4171875 0.71640625 0.284375 0.4953125
0 0.20625 0.734375 0.33125 0.53125
0 0.06015625 0.734375 0.1203125 0.53125
3 0.7257320966961991 0.791083023423472 0.1604530459579186 0.1918190901291547
0 0.84609375 0.56640625 0.3078125 0.1953125
2 0.975 0.7265625 0.05 0.16875
4 0.8625 0.9359375 0.275 0.128125