2 0.075 0.40234375 0.15 0.3546875
3 0.2953125 0.0953125 0.20625 0.190625
5 0.1875 0.05 0.121875 0.1
5 0.08125 0.01875 0.115625 0.0375
2 0.63125 0.08515625 0.13125 0.1703125
2 0.69375 0.071875 0.13125 0.14375
2 0.75703125 0.09609375 0.1140625 0.1921875
2 0.81640625 0.06796875 0.0890625 0.1359375
2 0.875 0.07265625 0.078125 0.1453125
2 0.93046875 0.0578125 0.0921875 0.115625
2 0.98125 0.09609375 0.0375 0.1921875
3 0.6611694229651047 0.40125392610167426 0.05189242116215289 0.14984688730530316
3 0.7710165484400701 0.3911778956185733 0.03702983415618064 0.11506271034569907
3 0.7990876502636812 0.42322351748447024 0.060103658244375066 0.10011967194503928
3 0.8538297016504519 0.4271585112162641 0.05999455547083343 0.09543217194503928
3 0.9324450109210076 0.4169544486007094 0.055670731382639005 0.1109207796251713
3 0.96953125 0.38984375 0.0609375 0.1296875
3 0.075 0.6421875 0.065625 0.125
3 0.259375 0.63203125 0.071875 0.1046875
3 0.45390625 0.625 0.0703125 0.090625
0 0.27578125 0.8859375 0.1359375 0.228125
0 0.140625 0.90390625 0.1125 0.1921875
4 0.053125 0.80390625 0.10625 0.2015625
4 0.34174205005559066 0.7911146772888086 0.10483688962701407 0.21072220282385157
2 0.40625 0.825 0.165625 0.35
2 0.0421875 0.85234375 0.084375 0.2953125
0 0.7984486045764936 0.7375577682758931 0.14608013867708358 0.23846676959604132
2 0.675 0.6859375 0.13125 0.2125
3 0.6455242795383687 0.775267053773559 0.13939111474138882 0.08525084138279589