2 0.18671875 0.334375 0.1703125 0.15
1 0.95390625 0.1359375 0.0921875 0.271875
1 0.9 0.0625 0.2 0.125
1 0.0578125 0.47578125 0.115625 0.1328125
3 0.303125 0.57890625 0.371875 0.3390625
3 0.31456115585460404 0.6989467663488034 0.2955070049793232 0.3097702253226018
0 0.140625 0.7046875 0.28125 0.590625
0 0.43046875 0.72109375 0.1171875 0.5578125
3 0.7632030531814158 0.7272362510257642 0.2432935156438413 0.16267504942915884
3 0.834375 0.475 0.125 0.13125
3 0.7625 0.46796875 0.11875 0.1171875
3 0.69609375 0.46875 0.1078125 0.11875
3 0.621875 0.48046875 0.128125 0.1421875
3 0.5359375 0.475 0.09375 0.13125
3 0.92109375 0.45703125 0.1203125 0.0953125