2 0.45859375 0.2484375 0.2203125 0.496875
2 0.3609375 0.2515625 0.296875 0.503125
2 0.24375 0.2765625 0.296875 0.553125
2 0.1328125 0.278125 0.265625 0.55625
2 0.05859375 0.26796875 0.1171875 0.5359375
0 0.8442710426580721 0.17403116270733215 0.27361659442774455 0.332410649379497
0 0.6453125 0.23203125 0.153125 0.2265625
0 0.27890625 0.6546875 0.1578125 0.190625
3 0.36484375 0.609375 0.0984375 0.1
3 0.1890625 0.61796875 0.0875 0.1171875
3 0.04921875 0.6203125 0.0890625 0.121875
2 0.07109375 0.88203125 0.1421875 0.2359375
4 0.0234375 0.88125 0.046875 0.2375
4 0.96171875 0.77578125 0.0765625 0.3015625
4 0.9170421427710117 0.8030105866974354 0.12775806285771357 0.31880748746358767
3 0.58671875 0.70078125 0.0359375 0.2203125
2 0.6782533875799269 0.8719722207040332 0.1500741366622938 0.1931088054894186
2 0.7348743848785039 0.800057768275893 0.14236805247554418 0.1679269490629279
2 0.7994366847937993 0.7127229043275549 0.15054457352223166 0.17440426959604133