2 0.07265625 0.37890625 0.1453125 0.3203125
2 0.18984375 0.38515625 0.1859375 0.3078125
2 0.31328125 0.36640625 0.1796875 0.3453125
2 0.44140625 0.371875 0.1796875 0.334375
2 0.53828125 0.3921875 0.0828125 0.29375
1 0.73671875 0.34453125 0.2015625 0.3890625
3 0.82265625 0.03515625 0.3546875 0.0703125
3 0.953125 0.36328125 0.09375 0.3515625
5 0.62421875 0.3515625 0.0890625 0.375
5 0.5125 0.70703125 0.134375 0.1734375
2 0.88828125 0.6046875 0.0640625 0.13125
2 0.83828125 0.58046875 0.0703125 0.0828125
2 0.7161376083583831 0.6159012516526298 0.08180998407381015 0.1471704065339754
2 0.603125 0.58359375 0.046875 0.0890625
3 0.8091001111303934 0.7682878511145106 0.06372784200867017 0.10425516046291676
3 0.6266740189805489 0.7127890601724666 0.07310284200867016 0.10469180810555194