2 0.0765625 0.234375 0.153125 0.46875
2 0.15390625 0.234375 0.2578125 0.46875
2 0.27109375 0.234375 0.2578125 0.46875
2 0.33828125 0.234375 0.1421875 0.46875
3 0.89609375 0.24375 0.2078125 0.184375
3 0.692086458979327 0.20630297951193635 0.2944275277593213 0.18289535499341075
3 0.6703125 0.06875 0.309375 0.1375
3 0.4515625 0.33359375 0.084375 0.1703125
3 0.46796875 0.1984375 0.1171875 0.146875
3 0.453125 0.08984375 0.0875 0.1734375
3 0.30390625 0.6765625 0.2109375 0.396875
3 0.3453125 0.565625 0.128125 0.19375
3 0.66171875 0.49921875 0.1109375 0.0609375
0 0.7484375 0.49140625 0.078125 0.0453125
0 0.57421875 0.9078125 0.2234375 0.184375