2 0.078125 0.40703125 0.15625 0.5640625
2 0.17578125 0.3984375 0.2203125 0.58125
2 0.2875 0.36796875 0.21875 0.6421875
2 0.365625 0.3625 0.128125 0.653125
3 0.655065303906573 0.22023061987229128 0.4085017879384413 0.3014976033422226
3 0.9703125 0.42109375 0.059375 0.3109375
3 0.13046875 0.7734375 0.1421875 0.16875
3 0.4546875 0.72578125 0.05 0.0734375
0 0.82421875 0.87734375 0.1484375 0.2453125
0 0.6890625 0.9015625 0.125 0.196875
4 0.5993465013201482 0.8084962989182289 0.12300690564770314 0.2027275693385418
4 0.8921875 0.78125 0.1125 0.184375
2 0.93359375 0.83046875 0.1328125 0.2828125
2 0.53515625 0.85625 0.2109375 0.2875