2 0.25078125 0.425 0.2984375 0.26875
2 0.0671875 0.44765625 0.134375 0.2234375
2 0.94296875 0.2359375 0.1140625 0.278125
3 0.7558995164203001 0.27486080676917046 0.13000528939195172 0.09103085969555132
3 0.9375 0.2828125 0.125 0.1
0 0.646875 0.26328125 0.26875 0.5265625
4 0.8140625 0.11796875 0.134375 0.2359375
1 0.30390625 0.77890625 0.1921875 0.4390625
5 0.1359375 0.74453125 0.271875 0.3703125
5 0.23984375 0.75 0.2671875 0.38125
1 0.84296875 0.7796875 0.3140625 0.440625
3 0.59765625 0.7796875 0.3453125 0.440625
3 0.51875 0.7796875 0.2375 0.440625
5 0.9375 0.7859375 0.125 0.428125