2 0.09609375 0.17578125 0.1921875 0.3515625
2 0.284375 0.19921875 0.3125 0.3984375
2 0.44921875 0.21953125 0.1609375 0.4390625
3 0.8234375 0.275 0.21875 0.328125
3 0.02421875 0.47734375 0.0484375 0.0765625
3 0.3984375 0.45390625 0.078125 0.0296875
3 0.4232826125061859 0.5386591596561827 0.11485479534115868 0.13876802273741298
0 0.34140625 0.51328125 0.0859375 0.1484375
0 0.4421875 0.9453125 0.175 0.109375
2 0.07734375 0.55703125 0.1546875 0.2359375
2 0.0265625 0.73984375 0.053125 0.3453125
4 0.9061106433751661 0.5251829555881192 0.08451219810012063 0.1250583498097196
4 0.9828125 0.53125 0.034375 0.103125