2 0.328125 0.29375 0.209375 0.43125
2 0.0765625 0.3171875 0.153125 0.384375
3 0.60385681820118 0.24307564206106386 0.04724128875333342 0.152037688998964
3 0.779510781632048 0.24035724876165493 0.05392769984750014 0.17107878742738744
3 0.9618329723614923 0.2193790070338225 0.052183361891597356 0.16319351282028158
0 0.79296875 0.03515625 0.1015625 0.0703125
0 0.66640625 0.02890625 0.0828125 0.0578125
4 0.57734375 0.08359375 0.0953125 0.1671875
4 0.85546875 0.06953125 0.0828125 0.1390625
2 0.92109375 0.0796875 0.1359375 0.159375
2 0.528125 0.08671875 0.1375 0.1734375
3 0.19453125 0.93828125 0.2328125 0.1234375
3 0.27066703096645794 0.9076581029810467 0.20414459897381967 0.12032542431665565
3 0.7356886996600689 0.6995738910276066 0.2557837534184725 0.32719616252983136
3 0.825 0.60390625 0.23125 0.1890625