2 0.0984375 0.2546875 0.196875 0.509375
2 0.32578125 0.25 0.1859375 0.5
2 0.8328125 0.25625 0.25625 0.50625
4 0.56015625 0.09765625 0.2171875 0.1953125
3 0.6086904417762842 0.29533786910979193 0.30654355357097235 0.15393031268902818
4 0.1953125 0.58046875 0.115625 0.1421875
0 0.09453125 0.78046875 0.1515625 0.4390625
0 0.37734375 0.79609375 0.0828125 0.4078125
2 0.30703125 0.840625 0.1484375 0.31875
3 0.37890625 0.97265625 0.0515625 0.0546875
3 0.0640625 0.98203125 0.05 0.0359375
2 0.90078125 0.878125 0.1984375 0.24375
4 0.6571513512549302 0.7776587534184725 0.2172303996950003 0.34237325721819456