1 0.1421875 0.2234375 0.284375 0.171875
2 0.93359375 0.040625 0.0859375 0.08125
2 0.8890625 0.0140625 0.0875 0.028125
2 0.7609375 0.04140625 0.103125 0.0828125
3 0.8425587979834649 0.16688216802235853 0.07945668973360735 0.1106841298696164
3 0.6651885316718427 0.09257941761532144 0.08733285672980173 0.11238299756436802
3 0.546875 0.0578125 0.1 0.115625
3 0.19416110726127442 0.6375298587695932 0.3761300543720747 0.26419450811437956
3 0.59765625 0.334375 0.0765625 0.05
3 0.6296980647521979 0.5375879545469524 0.0947288626613009 0.14061709172016937
3 0.9120158162350727 0.539696330766416 0.07833985870696818 0.12159435633066593
3 0.9562168023949082 0.4732531245979058 0.061921679847775656 0.06353639448011297
3 0.9153278641441756 0.37155030276323886 0.08169035178688588 0.08886367694751698
0 0.75078125 0.4109375 0.1734375 0.203125