1 0.20187518622465328 0.31164191284034615 0.340652905007558 0.2782065341775176
1 0.34921875 0.071875 0.2796875 0.14375
1 0.2796875 0.1453125 0.31875 0.290625
0 0.79609375 0.190625 0.1453125 0.38125
3 0.46015625 0.92734375 0.0578125 0.1453125
3 0.2703125 0.9421875 0.053125 0.115625
3 0.08203125 0.9484375 0.0578125 0.103125
0 0.09140625 0.66640625 0.1140625 0.2734375
0 0.22734375 0.6515625 0.0921875 0.24375
4 0.31053057843096754 0.7848340572717852 0.10319913666229379 0.19174488229073816
4 0.03046875 0.78515625 0.0609375 0.2015625
2 0.384375 0.70390625 0.184375 0.3484375
3 0.81484375 0.85078125 0.3703125 0.2546875