1 0.16796875 0.2609375 0.3140625 0.196875
1 0.084375 0.05859375 0.16875 0.1171875
1 0.12421875 0.13046875 0.2484375 0.2609375
2 0.52890625 0.10703125 0.0390625 0.2140625
2 0.5640625 0.09921875 0.071875 0.1984375
2 0.621875 0.1171875 0.084375 0.234375
2 0.70078125 0.10078125 0.0890625 0.2015625
2 0.76953125 0.1015625 0.0671875 0.203125
2 0.834375 0.096875 0.084375 0.19375
2 0.91328125 0.10625 0.0859375 0.2125
3 0.09375 0.51171875 0.1875 0.3046875
3 0.20546875 0.5875 0.4109375 0.34375
1 0.37734375 0.73984375 0.2640625 0.2390625
1 0.15078125 0.90859375 0.3015625 0.1828125
3 0.8383594487587231 0.6755249049227874 0.2963873880489977 0.3694392879384413
3 0.753125 0.52109375 0.26875 0.3234375
3 0.659375 0.45078125 0.246875 0.1828125