1 0.34140625 0.10703125 0.3734375 0.2140625
1 0.221875 0.11875 0.35625 0.2
3 0.6859375 0.16328125 0.171875 0.1109375
3 0.14765625 0.88984375 0.1265625 0.2203125
3 0.3984375 0.9734375 0.1625 0.053125
2 0.4963218291417915 0.8773354811793531 0.1613095553496283 0.24150691149637407
4 0.10115569519852582 0.5858306079389362 0.09698910580511537 0.14179370181924558
4 0.26984864229596817 0.6625494274170275 0.10329366950744615 0.14364730024766903
4 0.4191021086307042 0.7133221770027427 0.08868553248413757 0.12736732878371626
1 0.678125 0.659375 0.15625 0.68125
3 0.85859375 0.70625 0.2828125 0.5875
3 0.9265625 0.7328125 0.146875 0.534375