3 0.12890625 0.18671875 0.2578125 0.3046875
3 0.05703125 0.14296875 0.1140625 0.2859375
0 0.2515625 0.134375 0.45625 0.26875
3 0.678125 0.259375 0.275 0.159375
3 0.85703125 0.290625 0.2859375 0.096875
3 0.5546875 0.23125 0.15 0.215625
3 0.1953125 0.8421875 0.390625 0.315625
3 0.425 0.49765625 0.109375 0.3171875
4 0.6449156494855796 0.8047643511190199 0.2126192164297292 0.29888707195929065
0 0.8299441135776178 0.6398541728734227 0.24090784289316253 0.3283220148871962
2 0.7546875 0.37421875 0.221875 0.0703125
2 0.93515625 0.43828125 0.1296875 0.1984375
2 0.50703125 0.5828125 0.0546875 0.253125
2 0.8078125 0.93671875 0.190625 0.1265625