1 0.26875 0.35859375 0.221875 0.1421875
3 0.23046875 0.1765625 0.2984375 0.353125
3 0.28203125 0.0640625 0.1953125 0.128125
0 0.09296875 0.0921875 0.1859375 0.184375
3 0.75078125 0.3953125 0.0734375 0.06875
2 0.84375 0.3734375 0.0875 0.1125
2 0.32109375 0.67421875 0.0953125 0.4890625
3 0.6603953440483614 0.7090249011416826 0.080705654678545 0.09074701680591399
0 0.86484375 0.559375 0.0828125 0.259375
0 0.7984375 0.546875 0.090625 0.234375
0 0.6953125 0.5484375 0.065625 0.2375
0 0.63125 0.546875 0.06875 0.234375
2 0.5505027233847704 0.7361696743733871 0.07801810136854384 0.2624310158173308