5 0.109375 0.41875 0.21875 0.2
5 0.0640625 0.2953125 0.128125 0.271875
3 0.05859375 0.21953125 0.1171875 0.4390625
3 0.51640625 0.33828125 0.0328125 0.1609375
3 0.6793193577106256 0.34477923669130817 0.05981402393569457 0.15541701186299814
3 0.8548642183679519 0.3417855237631772 0.0680629350298613 0.17448534684397005
0 0.82578125 0.0875 0.1265625 0.175
0 0.6984375 0.08125 0.10625 0.1625
4 0.6317689444322574 0.17971531079786524 0.10890614057694456 0.18551568874502422
4 0.9049694018792017 0.1471388686299809 0.09815047853284753 0.1928825197716634
2 0.94140625 0.1328125 0.1171875 0.265625
2 0.57734375 0.140625 0.1546875 0.28125
3 0.33671875 0.98828125 0.0859375 0.0234375
2 0.44140625 0.92890625 0.0984375 0.1421875
3 0.9096328391901738 0.6696425628122127 0.051746950797430635 0.14416117688202607
3 0.5446604962002779 0.5821837361970166 0.059594511967847284 0.07891817885919247
3 0.52890625 0.68046875 0.0578125 0.1171875
0 0.5948618243725349 0.6599386630790427 0.05054812670923621 0.15972250988583178
2 0.854510234516771 0.7157880509492145 0.11501328305375029 0.31376802273741305
2 0.9390625 0.9015625 0.121875 0.196875