4 0.575 0.40859375 0.128125 0.1421875
4 0.4140625 0.04453125 0.175 0.0890625
0 0.22265625 0.078125 0.2015625 0.15625
0 0.0671875 0.4484375 0.134375 0.0625
2 0.20219370464050473 0.3528715650563301 0.18563220506402783 0.21442151583511765
2 0.0671875 0.16015625 0.134375 0.2203125
2 0.5453125 0.240625 0.1875 0.190625
2 0.6015625 0.7234375 0.075 0.125
2 0.5445716494635375 0.7458573162434643 0.08704351564384112 0.15539820533113408
2 0.2250558100151161 0.7100428705457487 0.07546897881213824 0.1441424565847754
2 0.16998117314106082 0.7419771806540207 0.081263952503779 0.13651181301126591
2 0.05729989164161693 0.6552464072970559 0.09467400512049755 0.15250052586424748
2 0.028125 0.76328125 0.05625 0.1078125
3 0.5425933785580245 0.5913744047232663 0.07190436305535783 0.10972199247815269
3 0.17265625 0.53125 0.0734375 0.103125
3 0.01171875 0.53984375 0.0234375 0.1109375
0 0.575 0.86796875 0.128125 0.2484375
4 0.6921875 0.53203125 0.10625 0.1046875
4 0.84296875 0.5453125 0.1203125 0.13125
4 0.96875 0.58671875 0.0625 0.2140625