4 0.31328125 0.23828125 0.1734375 0.1609375
0 0.49609375 0.18125 0.1265625 0.275
2 0.15078125 0.0578125 0.2140625 0.115625
0 0.89765625 0.29453125 0.2046875 0.0484375
0 0.62890625 0.21796875 0.1390625 0.2015625
0 0.60234375 0.1296875 0.0859375 0.259375
2 0.67734375 0.0890625 0.1546875 0.178125
3 0.75078125 0.196875 0.1140625 0.24375
1 0.76875 0.053125 0.10625 0.10625
0 0.09140625 0.50703125 0.1828125 0.3765625
3 0.496875 0.41796875 0.125 0.1984375
3 0.77109375 0.52734375 0.4234375 0.4171875
3 0.875 0.6203125 0.25 0.39375
1 0.8453125 0.9390625 0.309375 0.121875