4 0.19568015683483742 0.17793008636823107 0.18738765439406196 0.2162113363682309
2 0.28046875 0.04609375 0.2015625 0.0921875
0 0.61171875 0.25390625 0.3046875 0.1703125
0 0.7340664261016744 0.11625708128715909 0.25770015439406196 0.21825722116625168
0 0.88984375 0.14609375 0.1859375 0.2921875
0 0.965625 0.1375 0.06875 0.228125
1 0.09609375 0.7890625 0.1921875 0.265625
1 0.23415030878812387 0.5138163913954312 0.3181041084715547 0.30900189311129084
1 0.14140625 0.64609375 0.2828125 0.2859375
2 0.90703125 0.83515625 0.1609375 0.3296875
2 0.72265625 0.8296875 0.1546875 0.340625
3 0.678586967405328 0.6178433471887838 0.1195469365265156 0.2454609156768331
3 0.93828125 0.5703125 0.1234375 0.265625