0 0.85 0.21015625 0.10859375 0.41328125
0 0.578125 0.2109375 0.0625 0.1984375
0 0.4359375 0.21328125 0.07265625 0.21328125
0 0.28984375 0.21328125 0.08359375 0.27734375
0 0.70625 0.2140625 0.10703125 0.40078125
0 0.57578125 0.53515625 0.0890625 0.26015625
0 0.2890625 0.5359375 0.084375 0.2953125
0 0.43359375 0.53671875 0.0796875 0.225
0 0.578125 0.85625 0.09609375 0.26015625
0 0.43515625 0.85703125 0.09609375 0.2625
0 0.12109375 0.85859375 0.09296875 0.28046875
0 0.2890625 0.859375 0.09296875 0.2609375