2 0.02265625 0.153125 0.0453125 0.234375
3 0.18111999395291126 0.08469266678091451 0.1022352093411815 0.06313516508343389
3 0.0328125 0.1109375 0.065625 0.06875
0 0.28359375 0.14453125 0.1203125 0.2890625
4 0.159375 0.20859375 0.065625 0.1609375
5 0.9765625 0.128125 0.046875 0.178125
5 0.9285831505808677 0.1647708339005133 0.09444198535963508 0.19858134215265544
5 0.825 0.20625 0.10625 0.165625
3 0.10873591661363884 0.4641964603130509 0.20581583736472578 0.24189533016686776
2 0.4199081319223673 0.6290280857095356 0.22827482940799654 0.5616279760284248
3 0.93984375 0.4859375 0.1203125 0.328125
3 0.9015625 0.40703125 0.196875 0.2359375
5 0.8046875 0.359375 0.271875 0.140625
5 0.690625 0.771875 0.04375 0.45625