0 0.75078125 0.503125 0.3046875 0.31171875
0 0.3875 0.51953125 0.38828125 0.140625
0 0.2796875 0.56875 0.21328125 0.1171875
0 0.78046875 0.62734375 0.13671875 0.30390625
0 0.61953125 0.71953125 0.32109375 0.2578125
0 0.36328125 0.73203125 0.17421875 0.33125
0 0.55546875 0.2109375 0.346875 0.090625
0 0.27734375 0.29921875 0.128125 0.15546875
0 0.68984375 0.30859375 0.1578125 0.096875
0 0.85546875 0.32890625 0.25078125 0.25078125
0 0.3984375 0.3296875 0.11328125 0.18828125
0 0.625 0.34921875 0.37578125 0.1140625
0 0.1453125 0.4 0.17890625 0.26484375
0 0.175 0.425 0.31640625 0.12421875
0 0.45234375 0.45 0.37421875 0.159375
0 0.87890625 0.46484375 0.1234375 0.321875