2 0.89296875 0.50703125 0.0671875 0.1140625
2 0.8296875 0.47578125 0.0609375 0.146875
2 0.5109375 0.46328125 0.0515625 0.1375
2 0.45859375 0.4234375 0.0578125 0.128125
2 0.34140625 0.49296875 0.06875 0.1421875
2 0.3109375 0.378125 0.0546875 0.1
2 0.2 0.45 0.0828125 0.1265625
2 0.13984375 0.42734375 0.065625 0.125
3 0.81796875 0.63046875 0.053125 0.1015625
3 0.44765625 0.63671875 0.0546875 0.1
3 0.2609375 0.596875 0.0640625 0.1
3 0.140625 0.58515625 0.0765625 0.1015625
2 0.6125 0.0390625 0.0875 0.078125
0 0.8984375 0.3625 0.15 0.225
1 0.934375 0.06796875 0.13125 0.115625