2 0.046861530593594304 0.38168162820061013 0.07354768268618095 0.1458413489046432
2 0.10431040392268542 0.41124945625557086 0.0781442760184536 0.13816524122451135
2 0.21001605860123024 0.3207033611118513 0.0923885893539083 0.15419941818411545
2 0.25640870591982184 0.42791045585985954 0.07156701201463563 0.10985838479802049
2 0.31640625 0.3359375 0.0265625 0.140625
3 0.08412681528486594 0.19940868580159976 0.07156701201463563 0.10985838479802065
3 0.27463363661682044 0.20401831479363267 0.08096019334818116 0.11169366943775669
4 0.575 0.1046875 0.171875 0.209375
0 0.7712182826225474 0.1407634600164946 0.19676810136854392 0.2650125492212124
2 0.81875 0.42109375 0.18125 0.1359375
2 0.9359375 0.26640625 0.128125 0.2265625
2 0.45699050859327617 0.3654585492877194 0.20065562269254428 0.19639894154108042
0 0.27109375 0.7375 0.1171875 0.496875
0 0.14118478994272987 0.6993595585254265 0.19582376670908896 0.3180920851145899
0 0.025 0.7625 0.05 0.3
5 0.859971699952275 0.7803642029568656 0.12558289735836253 0.1879666644231918
5 0.7797483979551384 0.7616118544479337 0.12111357336090797 0.2065802721033238
5 0.67084611262732 0.7241693419115214 0.13210561736154425 0.21158602084968248
5 0.3945386986394103 0.6431767208370472 0.12225790268936265 0.17068823620994644
1 0.80390625 0.57734375 0.2296875 0.1765625
1 0.83984375 0.51484375 0.1671875 0.0515625