2 0.17265625 0.55703125 0.0609375 0.0984375
2 0.22890625 0.52421875 0.053125 0.1296875
2 0.51875 0.4875 0.0453125 0.121875
2 0.565625 0.446875 0.0515625 0.1109375
2 0.67265625 0.5015625 0.0609375 0.1234375
2 0.69921875 0.39375 0.05 0.0859375
2 0.8 0.45078125 0.075 0.109375
2 0.85546875 0.42578125 0.059375 0.109375
3 0.24140625 0.6625 0.046875 0.0890625
3 0.57734375 0.6390625 0.05 0.0859375
3 0.74609375 0.58828125 0.0578125 0.0859375
3 0.85625 0.56796875 0.06875 0.0859375
2 0.42109375 0.071875 0.0765625 0.14375
0 0.165625 0.42734375 0.134375 0.1921875
1 0.12421875 0.165625 0.134375 0.0953125
1 0.1015625 0.0578125 0.1375 0.075