2 0.12511394107886212 0.29788385134541884 0.0598871285298145 0.12663670783841657
2 0.16937841811760848 0.3436653642775426 0.06430184389007838 0.11739810015828453
2 0.27899745902555073 0.30158081584775287 0.07560305674305993 0.13021634890464337
2 0.2984375 0.4078125 0.059375 0.084375
2 0.39453125 0.36640625 0.0703125 0.1171875
3 0.19195679710964147 0.1538587181967508 0.06044941818411544 0.0923071719450392
3 0.35792878958779395 0.22425744939213227 0.06826191818411545 0.09253449247815268
1 0.71171875 0.05625 0.3171875 0.1125
1 0.93828125 0.1015625 0.1234375 0.203125
3 0.6486363576136249 0.2243183192129651 0.35558738809672585 0.3631725675636126
3 0.6703125 0.3453125 0.234375 0.209375
0 0.8828125 0.27421875 0.234375 0.3515625
3 0.1296875 0.92421875 0.259375 0.1515625
3 0.38515625 0.77109375 0.0890625 0.3015625
2 0.5265625 0.953125 0.096875 0.09375
3 0.5725823229738889 0.6914135763391012 0.0790416084715547 0.30204588479802064
0 0.8061617011079919 0.6708894423325032 0.1683889164682558 0.4217339106622681