2 0.043248089475316845 0.30390517073764345 0.06934996369925477 0.1067280348257091
2 0.096154920857406 0.2636210074632318 0.06484427088084707 0.13773237336031982
2 0.38173335167376116 0.18691690807448724 0.056977228726369414 0.12794793758467105
2 0.424443026439992 0.14013376130841912 0.06161018657189175 0.11881859905006031
2 0.5140625 0.17890625 0.03125 0.1328125
3 0.12116907727687254 0.3990705065587207 0.05522383118569749 0.09505355042954129
3 0.4536770502477053 0.3292847925160835 0.05833974082661779 0.0936548247398008
0 0.05 0.17578125 0.1 0.2109375
2 0.6832907856133742 0.2314912601767653 0.12177604781181843 0.2578678109449909
2 0.7464129543294808 0.20083108039401038 0.12178513817089805 0.25943031094499086
2 0.8090084030998168 0.2139618441888203 0.10338966217500314 0.3193851650834338
2 0.8697959121750032 0.18498699513876 0.08116013817089804 0.2573012449116174
2 0.9276765898681003 0.19367592039895917 0.0717578670936593 0.25212242198083884
2 0.971875 0.15625 0.05625 0.259375
2 0.44921875 0.490625 0.0828125 0.08125
2 0.50859375 0.5734375 0.0421875 0.246875
5 0.54140625 0.62421875 0.0234375 0.2296875
3 0.8984375 0.70546875 0.203125 0.1453125
3 0.765625 0.5 0.08125 0.1
3 0.83671875 0.48359375 0.0828125 0.0671875
3 0.903125 0.47421875 0.071875 0.0484375
3 0.67734375 0.49453125 0.0796875 0.0890625