2 0.01015625 0.15703125 0.0203125 0.1515625
2 0.301068991068251 0.13545726931455296 0.0633921185055307 0.14310801285158128
2 0.3495377187471166 0.09449402969467631 0.06947847727182861 0.13398768083635879
2 0.47247638676618 0.16039755539783887 0.08068871266133186 0.1500583498097196
2 0.48984375 0.0484375 0.0578125 0.096875
3 0.01953125 0.3109375 0.0390625 0.10625
3 0.37901453327488765 0.3072632851318837 0.06273755357072233 0.10560801285158128
0 0.65390625 0.1625 0.1609375 0.325
0 0.56953125 0.25703125 0.1015625 0.2484375
2 0.27109375 0.55703125 0.1296875 0.2359375
0 0.459375 0.565625 0.11875 0.253125
3 0.45859375 0.9078125 0.0515625 0.184375
3 0.2779856416341485 0.9048691611018764 0.048094400972934714 0.1612213428896375
0 0.37849060754518665 0.6247916833449978 0.12122398376465035 0.23602502471457926
2 0.90234375 0.77421875 0.1140625 0.4515625
2 0.71796875 0.77734375 0.1109375 0.4453125