2 0.87890625 0.49609375 0.0734375 0.1140625
2 0.8125 0.459375 0.0671875 0.1484375
2 0.47890625 0.4234375 0.0578125 0.140625
2 0.42421875 0.378125 0.0640625 0.128125
2 0.3046875 0.44296875 0.075 0.14375
2 0.26953125 0.31953125 0.0609375 0.1
2 0.15625 0.38671875 0.0890625 0.125
2 0.0921875 0.35859375 0.071875 0.125
3 0.8046875 0.61953125 0.0578125 0.103125
3 0.41953125 0.5984375 0.0609375 0.1
3 0.22421875 0.54296875 0.06875 0.1
3 0.09765625 0.52265625 0.0828125 0.1
2 0.57421875 0.0140625 0.0890625 0.028125
0 0.88046875 0.34765625 0.1625 0.2234375
1 0.915625 0.05078125 0.1578125 0.1015625