2 0.015625 0.15234375 0.03125 0.1515625
2 0.32140157248881973 0.20417931545204143 0.07088021857321784 0.14396060015828455
2 0.371875 0.24296875 0.075 0.1140625
2 0.4975488092472681 0.19286504539378174 0.08828623986054147 0.14758570533113408
2 0.52109375 0.2828125 0.0703125 0.034375
2 0.6390625 0.2453125 0.1 0.109375
2 0.7015625 0.2609375 0.08125 0.078125
3 0.0234375 0.02265625 0.046875 0.0453125
3 0.3953125 0.04140625 0.06875 0.0828125
3 0.5864634797979573 0.0968144109914725 0.07741444183801285 0.10360838479802066
3 0.70703125 0.12265625 0.0859375 0.1046875
3 0.6034320945324477 0.526795079175588 0.06237930372251199 0.1561878155185484
3 0.4275087329000504 0.5013224030739136 0.05423902179152655 0.1512729949854351
3 0.25254693772751347 0.4844889410788621 0.06180014951546724 0.1702048514119258
3 0.0700786451528665 0.4854423726573197 0.05969134629715871 0.16234688730530306
0 0.2122890164205195 0.8027161038527012 0.11596276165206784 0.2980858105039836
0 0.33886794191488734 0.8173589285424498 0.0955738519971419 0.27410274122451134
4 0.4392007137064139 0.6699731146732539 0.10286219209011431 0.17763691818411545
4 0.16114676952261267 0.672059485747728 0.09101775595208465 0.18664820533113408
2 0.0922821550402236 0.7052835112162641 0.1511025861577001 0.3100235208496825
2 0.4960191602360037 0.7530416789381611 0.18308455967459647 0.3436998388755136
2 0.8671875 0.8265625 0.16875 0.346875