2 0.23046875 0.0703125 0.0890625 0.140625
2 0.29125831513937445 0.09871519756077855 0.09234166542531544 0.1405010036281972
2 0.40078125 0.04375 0.1046875 0.0875
2 0.4523392103008102 0.12350932251836948 0.08321922249741007 0.11210318511654283
2 0.51796875 0.05234375 0.0421875 0.1046875
3 0.77578125 0.12421875 0.1265625 0.2484375
3 0.6893661753546221 0.1407142469199571 0.10706344499481997 0.2221329495445131
3 0.6087689927657989 0.1630282457388308 0.09874152274507905 0.21092263103285874
3 0.5625 0.171875 0.046875 0.221875
2 0.92109375 0.3 0.1578125 0.21875
2 0.95234375 0.2171875 0.0953125 0.19375
3 0.26953125 0.621875 0.4359375 0.425
0 0.38359375 0.79921875 0.3109375 0.4015625
2 0.96953125 0.74765625 0.0609375 0.1296875
2 0.9338846168347855 0.7985391266868715 0.07584337014004508 0.12120536660488845
2 0.8207146827982201 0.7666120588081894 0.08743584160399784 0.13564981252120453
2 0.8077351856937043 0.8778223773198437 0.06842897642635144 0.09598711179556503
2 0.7009244135677978 0.8433333046318381 0.09779114474715103 0.12353175843752062
2 0.648542122211469 0.879481624957591 0.08365587014004516 0.12147818511654282
3 0.8980863196874884 0.6125941922033009 0.06842897642635144 0.09598711179556503
3 0.7365987020286425 0.6970113761387173 0.0763142510334573 0.0978224303072194
3 0.6300554495474432 0.7405108941948846 0.08732452564056317 0.0997668762235353