0 0.4046875 0.271875 0.26328125 0.0515625
0 0.65859375 0.30078125 0.24453125 0.0859375
0 0.3125 0.30625 0.26953125 0.06484375
0 0.6 0.36640625 0.12734375 0.16328125
0 0.45859375 0.36953125 0.228125 0.096875
0 0.634375 0.39375 0.19140625 0.12734375
0 0.25234375 0.3953125 0.1890625 0.1734375
0 0.2828125 0.41171875 0.2203125 0.12734375
0 0.70390625 0.43125 0.2375 0.09375
0 0.47109375 0.45625 0.1515625 0.1890625
0 0.53671875 0.47734375 0.12890625 0.2125
0 0.2734375 0.51484375 0.12734375 0.228125
0 0.41875 0.5390625 0.22421875 0.18828125
0 0.42890625 0.5796875 0.225 0.23125