0 0.359375 0.87734375 0.184375 0.2453125
0 0.15234375 0.87578125 0.2078125 0.2484375
0 0.82421875 0.8265625 0.20625 0.1640625
0 0.53359375 0.78671875 0.1390625 0.29375
0 0.22890625 0.771875 0.215625 0.253125
0 0.65234375 0.771875 0.1390625 0.278125
0 0.1203125 0.72265625 0.1890625 0.290625
0 0.80703125 0.68828125 0.2 0.1765625
0 0.36171875 0.67734375 0.2125 0.2078125
0 0.64140625 0.61953125 0.134375 0.275
0 0.27890625 0.590625 0.21875 0.2
0 0.46796875 0.540625 0.21875 0.215625
0 0.73359375 0.95234375 0.196875 0.0953125
0 0.79765625 0.5109375 0.2140625 0.1984375
0 0.06328125 0.47578125 0.1265625 0.2984375
0 0.92421875 0.4703125 0.1515625 0.28125
0 0.91875 0.9453125 0.1625 0.109375
0 0.18203125 0.42890625 0.20625 0.290625
0 0.3640625 0.41953125 0.209375 0.275
0 0.7390625 0.35234375 0.21875 0.225
0 0.87890625 0.34296875 0.1828125 0.3015625
0 0.5609375 0.32734375 0.16875 0.3015625
0 0.26796875 0.24140625 0.2109375 0.284375
0 0.4734375 0.2359375 0.165625 0.284375
0 0.6875 0.1984375 0.21875 0.2171875
0 0.13515625 0.16796875 0.184375 0.1484375