0 0.640625 0.12265625 0.184375 0.2453125
0 0.84765625 0.12421875 0.2078125 0.2484375
0 0.17578125 0.1734375 0.20625 0.16328125
0 0.46640625 0.21328125 0.1390625 0.29296875
0 0.77109375 0.228125 0.21640625 0.253125
0 0.34765625 0.228125 0.13828125 0.278125
0 0.8796875 0.27734375 0.18828125 0.28984375
0 0.19296875 0.31171875 0.19921875 0.17578125
0 0.63828125 0.32265625 0.2125 0.2078125
0 0.35859375 0.38046875 0.13515625 0.275
0 0.72109375 0.409375 0.21796875 0.2
0 0.53203125 0.459375 0.21796875 0.21640625
0 0.26640625 0.04765625 0.19765625 0.0953125
0 0.20234375 0.4890625 0.2140625 0.19765625
0 0.93671875 0.52421875 0.1265625 0.2984375
0 0.07578125 0.5296875 0.1515625 0.28125
0 0.08125 0.0546875 0.1625 0.109375
0 0.81796875 0.57109375 0.20625 0.290625
0 0.6359375 0.58046875 0.20859375 0.27578125
0 0.2609375 0.64765625 0.21796875 0.22578125
0 0.12109375 0.65703125 0.1828125 0.3015625
0 0.4390625 0.67265625 0.16796875 0.3015625
0 0.73203125 0.75859375 0.21015625 0.284375
0 0.5265625 0.7640625 0.165625 0.28359375
0 0.3125 0.8015625 0.21875 0.2171875
0 0.86484375 0.83203125 0.18515625 0.14765625