0 0.54609375 0.15546875 0.1109375 0.24375
0 0.65546875 0.1984375 0.12109375 0.24296875
0 0.825 0.2109375 0.07265625 0.234375
0 0.09765625 0.23984375 0.0828125 0.22734375
0 0.22734375 0.2625 0.075 0.21953125
0 0.29296875 0.29609375 0.0859375 0.228125
0 0.16328125 0.32734375 0.08984375 0.234375
0 0.38359375 0.40078125 0.1078125 0.234375
0 0.04609375 0.4109375 0.08671875 0.23203125
0 0.446875 0.44375 0.08515625 0.22578125
0 0.03515625 0.46640625 0.0703125 0.24921875
0 0.5453125 0.47421875 0.09765625 0.24609375
0 0.68828125 0.53828125 0.0859375 0.25390625
0 0.625 0.578125 0.09140625 0.24765625
0 0.41328125 0.67265625 0.0859375 0.26796875
0 0.33046875 0.72890625 0.0921875 0.25546875