0 0.145522 0.671358 0.151741 0.195269
0 0.197139 0.494022 0.080846 0.143463
0 0.271766 0.405354 0.068408 0.193276
0 0.360075 0.299750 0.060945 0.253052
0 0.487562 0.268866 0.064677 0.386552
0 0.623756 0.305728 0.115672 0.296888
0 0.713308 0.391407 0.133085 0.225157
0 0.799751 0.505978 0.179104 0.263015
0 0.873756 0.683313 0.152985 0.215194
0 0.756841 0.862642 0.048507 0.135493
0 0.708333 0.862642 0.053483 0.139478
0 0.652985 0.863638 0.052239 0.141470
0 0.597015 0.860649 0.059701 0.127522
0 0.543532 0.860649 0.057214 0.143463
0 0.549751 0.761022 0.044776 0.055791
0 0.601990 0.763015 0.049751 0.059776
0 0.654229 0.762019 0.047264 0.057784
0 0.700871 0.760026 0.048507 0.053799
0 0.751866 0.763015 0.046020 0.047821
0 0.558458 0.706228 0.044776 0.049813
0 0.605100 0.706228 0.050995 0.041843
0 0.653607 0.708220 0.046020 0.045828
0 0.699627 0.703239 0.046020 0.043836
0 0.745025 0.710213 0.042289 0.049813
0 0.562811 0.654422 0.041045 0.045828
0 0.605721 0.653425 0.042289 0.047821
0 0.651741 0.659403 0.039801 0.043836
0 0.692786 0.654422 0.042289 0.045828
0 0.740050 0.658407 0.044776 0.041843
0 0.366915 0.640474 0.074627 0.089664
0 0.425995 0.743090 0.083333 0.079701
0 0.305348 0.751060 0.095771 0.079701
0 0.234453 0.854672 0.075871 0.091657
0 0.348259 0.854672 0.089552 0.079701
0 0.440299 0.856664 0.084577 0.087672