0 0.145522 0.672354 0.156716 0.209216
0 0.193408 0.506974 0.075871 0.133500
0 0.274876 0.404358 0.069652 0.187299
0 0.360697 0.303735 0.059701 0.257037
0 0.487562 0.264881 0.072139 0.386552
0 0.623134 0.303735 0.114428 0.284933
0 0.710821 0.390410 0.138060 0.223164
0 0.799751 0.502989 0.171642 0.268993
0 0.875622 0.687299 0.146766 0.235119
0 0.564055 0.659403 0.038557 0.047821
0 0.606965 0.661396 0.042289 0.047821
0 0.649876 0.659403 0.038557 0.039851
0 0.695274 0.656414 0.039801 0.045828
0 0.739428 0.662392 0.041045 0.045828
0 0.556592 0.703239 0.050995 0.043836
0 0.603234 0.711209 0.047264 0.051806
0 0.651741 0.710213 0.047264 0.045828
0 0.700871 0.702243 0.050995 0.049813
0 0.748134 0.707224 0.043532 0.043836
0 0.549129 0.759030 0.055970 0.059776
0 0.600124 0.766004 0.050995 0.049813
0 0.651119 0.762019 0.050995 0.053799
0 0.700871 0.759030 0.050995 0.067746
0 0.751866 0.762019 0.050995 0.069739
0 0.542910 0.860649 0.053483 0.131507
0 0.596393 0.860649 0.050995 0.127522
0 0.652985 0.859653 0.057214 0.133500
0 0.707090 0.867623 0.050995 0.145455
0 0.760572 0.861646 0.053483 0.129515
0 0.366915 0.638481 0.077114 0.093649
0 0.424751 0.742093 0.083333 0.077709
0 0.304104 0.751060 0.098259 0.083687
0 0.236318 0.852679 0.074627 0.095642
0 0.350124 0.855668 0.093284 0.077709
0 0.442786 0.855668 0.077114 0.085679