0 0.309579 0.764965 0.561242 0.301056
0 0.332964 0.626761 0.507791 0.221831
0 0.384745 0.544014 0.123607 0.084507
0 0.240258 0.493838 0.172047 0.237676
0 0.346327 0.400528 0.170377 0.237676
0 0.490813 0.370599 0.148662 0.272887
0 0.599387 0.500000 0.131959 0.105634
0 0.605233 0.855634 0.076837 0.151408
0 0.691257 0.827465 0.118596 0.176056
0 0.788138 0.813380 0.141981 0.172535
0 0.856623 0.734155 0.208795 0.186620
0 0.745543 0.585387 0.090200 0.135563
0 0.819875 0.506162 0.108574 0.167254
0 0.731345 0.440141 0.105233 0.190141
0 0.652003 0.330106 0.157014 0.290493