0 0.305037 0.692185 0.061567 0.080291
0 0.348259 0.730870 0.034826 0.070072
0 0.380286 0.765906 0.020522 0.032116
0 0.392937 0.785740 0.020621 0.030733
0 0.405211 0.821467 0.022257 0.065308
0 0.505532 0.872946 0.014729 0.060698
0 0.536299 0.816089 0.017347 0.117555
0 0.568964 0.763919 0.019311 0.161350
0 0.598750 0.731649 0.017347 0.161350
0 0.631972 0.706678 0.024221 0.146752
0 0.668958 0.668261 0.015711 0.155972
0 0.699725 0.643674 0.019639 0.145215
0 0.342924 0.526273 0.034368 0.255856
0 0.384819 0.621162 0.025858 0.173644
0 0.419351 0.702990 0.034040 0.103725
0 0.451132 0.757465 0.020621 0.055320
0 0.500065 0.744403 0.047133 0.135227
0 0.557345 0.671795 0.036004 0.149825
0 0.611646 0.614785 0.046151 0.168265
0 0.669416 0.557928 0.037968 0.175949
0 0.335029 0.323887 0.072365 0.395483
0 0.406264 0.399533 0.053143 0.392829
0 0.472863 0.514993 0.052013 0.284005
0 0.556536 0.385599 0.104025 0.431315
0 0.668758 0.283410 0.105721 0.468475