0 0.308458 0.689779 0.049751 0.093430
0 0.351197 0.726436 0.026463 0.055797
0 0.372920 0.769437 0.028736 0.036244
0 0.392863 0.786552 0.017156 0.030204
0 0.407874 0.814742 0.020587 0.050339
0 0.507162 0.869612 0.016727 0.057387
0 0.536327 0.815749 0.015869 0.116787
0 0.568708 0.794103 0.018871 0.105712
0 0.599116 0.765812 0.017584 0.092624
0 0.631927 0.730575 0.026591 0.096651
0 0.667953 0.667651 0.016298 0.158065
0 0.699691 0.643488 0.018013 0.143970
0 0.500043 0.743160 0.046749 0.131889
0 0.556871 0.669664 0.034311 0.156052
0 0.612198 0.615298 0.045462 0.174174
0 0.669240 0.554891 0.035169 0.178201
0 0.343698 0.526112 0.037313 0.257905
0 0.384812 0.621002 0.029713 0.178425
0 0.421089 0.701293 0.029022 0.115165
0 0.449420 0.758875 0.022112 0.055149
0 0.335406 0.320924 0.074627 0.395778
0 0.407960 0.395538 0.056661 0.392534
0 0.473950 0.522057 0.055970 0.301700
0 0.558596 0.380940 0.102266 0.424975
0 0.669154 0.289294 0.102266 0.455794