0 0.621875 0.3203125 0.0890625 0.40703125
0 0.51953125 0.35234375 0.090625 0.3546875
0 0.7140625 0.4015625 0.1015625 0.56015625
0 0.20859375 0.403125 0.09765625 0.51875
0 0.2953125 0.41328125 0.1109375 0.509375
0 0.40703125 0.42578125 0.0875 0.48515625
0 0.81640625 0.4359375 0.09765625 0.4890625
0 0.225 0.50390625 0.08046875 0.434375
0 0.32265625 0.50703125 0.1078125 0.44609375
0 0.67890625 0.5109375 0.078125 0.4578125
0 0.4390625 0.51171875 0.07734375 0.45546875
0 0.77265625 0.515625 0.075 0.4390625
0 0.59609375 0.528125 0.0890625 0.43359375
0 0.515625 0.53359375 0.09765625 0.42421875