0 0.83984375 0.30625 0.13515625 0.04609375
0 0.72734375 0.81953125 0.2859375 0.13203125
0 0.2203125 0.53359375 0.440625 0.1765625
0 0.33671875 0.70078125 0.21875 0.0765625
0 0.20078125 0.8546875 0.24296875 0.09375
0 0.6046875 0.36171875 0.1859375 0.07890625
0 0.81953125 0.303125 0.1703125 0.05546875
0 0.5484375 0.29375 0.20078125 0.06484375
0 0.1640625 0.2046875 0.18203125 0.084375
0 0.12421875 0.075 0.2484375 0.15
0 0.41953125 0.1703125 0.1484375 0.11796875
0 0.246875 0.33828125 0.296875 0.1765625
0 0.70546875 0.51953125 0.39296875 0.34921875