0 0.234375 0.12890625 0.09296875 0.2171875
0 0.571875 0.17734375 0.21328125 0.21015625
0 0.38984375 0.1953125 0.16484375 0.215625
0 0.5796875 0.2890625 0.20546875 0.1953125
0 0.81484375 0.30625 0.27578125 0.17890625
0 0.57734375 0.39453125 0.228125 0.21953125
0 0.51484375 0.425 0.29609375 0.221875
0 0.85625 0.43203125 0.2875 0.22578125
0 0.26171875 0.45546875 0.1234375 0.12421875
0 0.51328125 0.4609375 0.1328125 0.26640625
0 0.4078125 0.4671875 0.1765625 0.26484375
0 0.8546875 0.51015625 0.2875 0.25546875
0 0.234375 0.57578125 0.121875 0.12265625
0 0.84921875 0.59453125 0.290625 0.2921875
0 0.734375 0.64765625 0.25390625 0.1765625
0 0.33203125 0.6953125 0.1296875 0.15234375
0 0.7 0.696875 0.26875 0.2375
0 0.19609375 0.7140625 0.13828125 0.1484375
0 0.6515625 0.7484375 0.2359375 0.26015625
0 0.60859375 0.77890625 0.21171875 0.25859375
0 0.5609375 0.79609375 0.215625 0.23046875
0 0.34453125 0.09140625 0.11796875 0.1828125