0 0.7796875 0.284375 0.14921875 0.47734375
0 0.48984375 0.29296875 0.12578125 0.50234375
0 0.23828125 0.46640625 0.12890625 0.41640625
0 0.73203125 0.62109375 0.25703125 0.17890625
0 0.59765625 0.64453125 0.11484375 0.10625
0 0.47890625 0.7 0.0703125 0.07890625
0 0.69375 0.70859375 0.08203125 0.04609375
0 0.396875 0.74453125 0.096875 0.13515625
0 0.56484375 0.75 0.05859375 0.05390625
0 0.7140625 0.796875 0.09296875 0.07265625
0 0.32421875 0.81796875 0.0984375 0.12265625
0 0.5765625 0.84765625 0.09296875 0.075
0 0.46171875 0.84921875 0.08828125 0.09765625