0 0.62109375 0.38671875 0.0890625 0.27421875
0 0.51953125 0.38515625 0.09140625 0.28828125
0 0.7140625 0.46796875 0.10078125 0.4296875
0 0.209375 0.44140625 0.09609375 0.44375
0 0.2953125 0.45546875 0.1109375 0.42578125
0 0.4078125 0.4671875 0.0890625 0.4078125
0 0.81640625 0.465625 0.0984375 0.42890625
0 0.225 0.53828125 0.0796875 0.37109375
0 0.3234375 0.58203125 0.1078125 0.296875
0 0.67890625 0.55 0.0796875 0.38125
0 0.4390625 0.55390625 0.0796875 0.3734375
0 0.77265625 0.5328125 0.07421875 0.40546875
0 0.59765625 0.56640625 0.0890625 0.35703125
0 0.515625 0.55625 0.0984375 0.378125