0 0.3703125 0.70859375 0.09921875 0.33828125
0 0.4828125 0.80546875 0.0859375 0.1984375
0 0.48984375 0.5578125 0.1015625 0.28046875
0 0.89375 0.46015625 0.11171875 0.328125
0 0.54921875 0.2015625 0.08203125 0.265625
0 0.66875 0.2234375 0.084375 0.3203125
0 0.79609375 0.10234375 0.084375 0.2046875
3 0.25390625 0.378125 0.059375 0.075
3 0.16015625 0.4109375 0.06171875 0.065625
3 0.03984375 0.24296875 0.0796875 0.0875
3 0.028125 0.32265625 0.05625 0.06328125
0 0.5703125 0.75703125 0.0859375 0.20234375
0 0.3703125 0.10390625 0.1078125 0.2078125