0 0.88515625 0.08984375 0.10703125 0.128125
0 0.71328125 0.0953125 0.10703125 0.13125
0 0.54375 0.09765625 0.1046875 0.12890625
0 0.378125 0.10390625 0.1015625 0.128125
0 0.2125 0.1046875 0.10078125 0.1265625
0 0.0515625 0.10703125 0.1 0.12734375
0 0.96171875 0.1546875 0.0765625 0.140625
0 0.8 0.1578125 0.10859375 0.14296875
0 0.6265625 0.16171875 0.1078125 0.1375
0 0.2859375 0.16328125 0.10703125 0.13828125
0 0.4546875 0.16484375 0.103125 0.13671875
0 0.11875 0.16875 0.1078125 0.1390625
0 0.89296875 0.2265625 0.11328125 0.14609375
0 0.7109375 0.23046875 0.11015625 0.1421875
0 0.03828125 0.2328125 0.07578125 0.12734375
0 0.36328125 0.234375 0.10859375 0.1375
0 0.53671875 0.234375 0.1078125 0.14140625
0 0.19140625 0.23671875 0.11015625 0.13828125
0 0.965625 0.29921875 0.06796875 0.14921875
0 0.09375 0.30234375 0.11015625 0.1375
0 0.80234375 0.303125 0.11484375 0.1515625
0 0.621875 0.303125 0.11328125 0.15
0 0.265625 0.3046875 0.10859375 0.1453125
0 0.4421875 0.30703125 0.11171875 0.14453125
0 0.02421875 0.35859375 0.0484375 0.109375
0 0.89765625 0.3765625 0.11953125 0.15546875
0 0.709375 0.378125 0.11796875 0.15546875
0 0.16640625 0.38046875 0.11328125 0.15234375
0 0.5234375 0.38203125 0.1140625 0.15234375
0 0.79765625 0.0421875 0.1046875 0.084375
0 0.62890625 0.0453125 0.10078125 0.08984375
0 0.06796875 0.46640625 0.11953125 0.1859375
0 0.46484375 0.046875 0.1015625 0.09375
0 0.246875 0.475 0.115625 0.196875
0 0.43125 0.4765625 0.11796875 0.1984375
0 0.80859375 0.48046875 0.12109375 0.2046875
0 0.61796875 0.48125 0.11953125 0.20703125
0 0.3046875 0.0484375 0.1 0.096875
0 0.140625 0.04921875 0.1015625 0.0984375
0 0.909375 0.5875 0.1328125 0.2734375
0 0.71015625 0.58984375 0.12421875 0.26953125
0 0.146875 0.63828125 0.13125 0.365625
0 0.32890625 0.6390625 0.12421875 0.36796875
0 0.065625 0.7375 0.13125 0.36875
0 0.415625 0.74765625 0.134375 0.3453125
0 0.2296875 0.7484375 0.15078125 0.35
0 0.60703125 0.75078125 0.12890625 0.34375
0 0.8109375 0.7515625 0.1296875 0.340625