0 0.796875 0.8671875 0.1328125 0.0890625
0 0.171875 0.87578125 0.24921875 0.09765625
0 0.65390625 0.87890625 0.1390625 0.0953125
0 0.76640625 0.10625 0.1734375 0.21171875
0 0.2734375 0.14296875 0.1046875 0.2265625
0 0.19765625 0.14375 0.2 0.24296875
0 0.684375 0.20390625 0.11953125 0.10078125
0 0.95234375 0.2171875 0.0953125 0.246875
0 0.8453125 0.2296875 0.1171875 0.17265625
0 0.5875 0.26953125 0.16015625 0.11640625
0 0.10390625 0.3375 0.20546875 0.253125
0 0.290625 0.34609375 0.20078125 0.25546875
0 0.7296875 0.353125 0.1984375 0.1984375
0 0.903125 0.3609375 0.16171875 0.2515625
0 0.3390625 0.37421875 0.19765625 0.23828125
0 0.803125 0.375 0.1265625 0.1515625
0 0.40390625 0.38515625 0.203125 0.24140625
0 0.59765625 0.41015625 0.11171875 0.1671875
0 0.24453125 0.4109375 0.1734375 0.17890625
0 0.1390625 0.46015625 0.246875 0.1171875
0 0.07421875 0.484375 0.1328125 0.309375
0 0.6609375 0.5359375 0.240625 0.15703125
0 0.3359375 0.54296875 0.2203125 0.1125
0 0.94921875 0.5703125 0.1015625 0.14609375
0 0.8234375 0.58359375 0.1859375 0.12890625
0 0.4578125 0.58515625 0.15859375 0.1140625
0 0.2890625 0.61953125 0.234375 0.18203125
0 0.59375 0.64140625 0.1703125 0.12109375
0 0.159375 0.6859375 0.1796875 0.1375
0 0.5546875 0.70625 0.1640625 0.09609375
0 0.43125 0.73046875 0.15078125 0.165625
0 0.4265625 0.7390625 0.1765625 0.184375
0 0.878125 0.75 0.2421875 0.1234375
0 0.821875 0.75078125 0.2828125 0.1921875
0 0.325 0.77421875 0.1984375 0.20078125
0 0.3296875 0.80390625 0.07265625 0.23671875
0 0.1484375 0.8125 0.2453125 0.11953125
0 0.48515625 0.8453125 0.21953125 0.159375
0 0.62421875 0.084375 0.1484375 0.16875
0 0.18203125 0.85546875 0.1578125 0.1171875