0 0.5703125 0.09453125 0.18203125 0.1453125
0 0.33515625 0.11484375 0.14375 0.18515625
0 0.2609375 0.12734375 0.22421875 0.13828125
0 0.81640625 0.1484375 0.20390625 0.23671875
0 0.46484375 0.15234375 0.146875 0.16328125
0 0.46171875 0.171875 0.215625 0.1765625
0 0.628125 0.20234375 0.1734375 0.10078125
0 0.48515625 0.21015625 0.2296875 0.14375
0 0.1328125 0.2421875 0.265625 0.1203125
0 0.47734375 0.246875 0.125 0.1234375
0 0.84375 0.26328125 0.25390625 0.234375
0 0.93203125 0.26640625 0.1359375 0.2296875
0 0.41171875 0.31875 0.16484375 0.14453125
0 0.1203125 0.32890625 0.18671875 0.26015625
0 0.60390625 0.3375 0.24609375 0.18046875
0 0.740625 0.3609375 0.146875 0.16796875
0 0.590625 0.3859375 0.17265625 0.1375
0 0.23671875 0.38671875 0.2328125 0.10234375
0 0.29296875 0.39921875 0.16796875 0.2265625
0 0.3609375 0.4234375 0.2203125 0.159375
0 0.5140625 0.459375 0.15078125 0.16875
0 0.8078125 0.4609375 0.203125 0.2359375
0 0.15625 0.4625 0.18828125 0.21953125
0 0.1109375 0.4859375 0.1296875 0.2109375
0 0.64453125 0.53046875 0.184375 0.2703125
0 0.734375 0.534375 0.23828125 0.15625
0 0.92734375 0.59140625 0.1453125 0.2578125
0 0.47578125 0.5921875 0.2 0.18515625
0 0.25234375 0.6 0.1796875 0.22109375
0 0.16640625 0.60703125 0.22734375 0.21875
0 0.57109375 0.61171875 0.2359375 0.20546875
0 0.059375 0.62265625 0.11796875 0.23125
0 0.58515625 0.63046875 0.18359375 0.22578125
0 0.23125 0.6578125 0.16953125 0.16171875
0 0.21640625 0.66796875 0.17578125 0.271875
0 0.3296875 0.6796875 0.2359375 0.190625
0 0.7734375 0.75546875 0.18515625 0.13515625
0 0.34609375 0.7796875 0.1484375 0.140625
0 0.5296875 0.828125 0.0984375 0.19296875
0 0.21015625 0.840625 0.19609375 0.14296875