0 0.84140625 0.13046875 0.1484375 0.19609375
0 0.60234375 0.1484375 0.140625 0.20625
0 0.3640625 0.16171875 0.14140625 0.190625
0 0.14453125 0.1671875 0.1390625 0.19609375
0 0.94453125 0.225 0.1109375 0.20625
0 0.04609375 0.27421875 0.0921875 0.20625
0 0.84921875 0.37578125 0.1609375 0.28125
0 0.596875 0.38515625 0.15390625 0.28125
0 0.1171875 0.3921875 0.1515625 0.259375
0 0.95078125 0.50703125 0.0984375 0.3578125
0 0.7234375 0.52109375 0.17265625 0.3515625
0 0.465625 0.5875 0.16171875 0.45234375
0 0.2203125 0.6015625 0.1609375 0.46015625
0 0.71953125 0.06796875 0.1421875 0.1359375
0 0.85234375 0.7171875 0.1734375 0.4078125
0 0.5890625 0.7234375 0.17734375 0.39609375
0 0.3375 0.72421875 0.19375 0.39765625
0 0.10078125 0.72734375 0.2015625 0.3953125
0 0.4921875 0.07578125 0.14375 0.1515625
0 0.05546875 0.08125 0.1109375 0.1625
0 0.26796875 0.08359375 0.1359375 0.1671875