1 0.131219 0.273059 0.215174 0.400198
1 0.357587 0.286480 0.130597 0.251344
1 0.553483 0.275499 0.116915 0.204979
1 0.724502 0.279159 0.105721 0.192778
1 0.899876 0.258417 0.113184 0.190338
1 0.076493 0.613471 0.110697 0.217180
1 0.213930 0.631772 0.099502 0.190338
1 0.335821 0.606150 0.074627 0.143974
1 0.458333 0.615911 0.080846 0.134213
1 0.583333 0.598829 0.074627 0.129332
1 0.704602 0.595169 0.065920 0.131772
1 0.809701 0.587848 0.072139 0.141533
1 0.901741 0.578087 0.079602 0.141533
1 0.052239 0.873355 0.062189 0.107370
1 0.125622 0.880676 0.054726 0.097609
1 0.217040 0.868475 0.055970 0.087848
1 0.300995 0.859934 0.054726 0.085408
1 0.393035 0.862374 0.052239 0.095169
1 0.489428 0.862374 0.053483 0.095169
1 0.574005 0.857494 0.050995 0.090289
1 0.650498 0.856274 0.047264 0.082968
1 0.730100 0.855053 0.044776 0.075647
1 0.805970 0.858714 0.049751 0.087848
1 0.903607 0.851393 0.050995 0.092729