1 0.131841 0.266958 0.221393 0.387997
1 0.358209 0.266958 0.149254 0.256224
1 0.548507 0.273059 0.121891 0.204979
1 0.726990 0.291360 0.115672 0.192778
1 0.899254 0.259637 0.126866 0.192778
1 0.075871 0.622012 0.106965 0.209860
1 0.212687 0.623232 0.099502 0.183017
1 0.336443 0.609810 0.083333 0.156175
1 0.460199 0.609810 0.079602 0.146414
1 0.584577 0.601270 0.077114 0.134213
1 0.704602 0.595169 0.065920 0.141533
1 0.810323 0.579307 0.068408 0.134213
1 0.901119 0.579307 0.073383 0.134213
1 0.052861 0.873355 0.065920 0.107370
1 0.126866 0.879456 0.054726 0.095169
1 0.213930 0.869695 0.049751 0.090289
1 0.299751 0.863594 0.049751 0.097609
1 0.392413 0.868475 0.048507 0.107370
1 0.486940 0.857494 0.050995 0.095169
1 0.572761 0.857494 0.048507 0.090289
1 0.654851 0.856274 0.053483 0.082968
1 0.729478 0.858714 0.046020 0.087848
1 0.805970 0.847733 0.049751 0.090289
1 0.904851 0.853833 0.055970 0.097609