0 0.91953125 0.10859375 0.0859375 0.21640625
0 0.31171875 0.334375 0.07734375 0.20625
0 0.06171875 0.38359375 0.07734375 0.19453125
0 0.790625 0.0453125 0.11875 0.08984375
0 0.55703125 0.51015625 0.0671875 0.19140625
0 0.44609375 0.5421875 0.065625 0.19453125
0 0.259375 0.5921875 0.06484375 0.13203125
0 0.26171875 0.72421875 0.075 0.1453125
0 0.13359375 0.740625 0.0625 0.171875
0 0.053125 0.8046875 0.0640625 0.1765625
0 0.3109375 0.8140625 0.07578125 0.18828125
0 0.1828125 0.8140625 0.06484375 0.1703125
0 0.103125 0.84765625 0.0671875 0.11484375
0 0.36640625 0.84765625 0.08359375 0.11484375
0 0.2375 0.85234375 0.06484375 0.10859375