0 0.90546875 0.565625 0.071875 0.17578125
0 0.9671875 0.53046875 0.065625 0.1609375
0 0.96953125 0.621875 0.0609375 0.13515625
0 0.90390625 0.7640625 0.1234375 0.07421875
0 0.86875 0.85703125 0.12421875 0.0953125
0 0.615625 0.58203125 0.14375 0.109375
0 0.57578125 0.4296875 0.134375 0.07421875
0 0.7125 0.37265625 0.109375 0.12734375
0 0.75078125 0.25859375 0.084375 0.13046875
0 0.709375 0.1671875 0.08203125 0.125
0 0.646875 0.18671875 0.06640625 0.11953125
0 0.6296875 0.10546875 0.07578125 0.16015625
0 0.575 0.3078125 0.13125 0.0796875
0 0.190625 0.49375 0.09765625 0.20078125
0 0.16171875 0.31796875 0.13515625 0.0796875
0 0.32265625 0.221875 0.08984375 0.15078125
0 0.3212890625 0.10081961875 0.318359375 0.104799340625 0.318359375 0.12602452343749998 0.322265625 0.14194341093750001 0.3271484375 0.1485762796875 0.33203125 0.14724970625 0.4013671875 0.12735109687499999 0.40625 0.120718228125 0.40625 0.112758784375 0.400390625 0.08357415781250001 0.3935546875 0.0769412875 0.3212890625 0.10081961875
0 0.34765625 0.11015625 0.12109375 0.0625
0 0.1734375 0.19296875 0.13125 0.09296875
0 0.31796875 0.040625 0.0828125 0.08046875