0 0.27734375 0.11875 0.165625 0.2375
0 0.3 0.13046875 0.21171875 0.11171875
0 0.67109375 0.13515625 0.115625 0.228125
0 0.22890625 0.1453125 0.24296875 0.1796875
0 0.72265625 0.1453125 0.10703125 0.1671875
0 0.58125 0.16953125 0.17109375 0.2890625
0 0.278125 0.2734375 0.17421875 0.2546875
0 0.61796875 0.2953125 0.2140625 0.10546875
0 0.671875 0.30078125 0.19296875 0.27265625
0 0.23359375 0.31328125 0.27578125 0.075
0 0.634375 0.45078125 0.24765625 0.115625
0 0.159375 0.57265625 0.15390625 0.34921875
0 0.93671875 0.59921875 0.1265625 0.27890625
0 0.875 0.6078125 0.13984375 0.2625
0 0.9390625 0.64453125 0.121875 0.1828125
0 0.91953125 0.74765625 0.1609375 0.1046875
0 0.903125 0.81640625 0.19375 0.16484375