0 0.778125 0.259375 0.1484375 0.43671875
0 0.4890625 0.26875 0.12578125 0.45625
0 0.23828125 0.4296875 0.12578125 0.3828125
0 0.73203125 0.5703125 0.25625 0.16328125
0 0.59609375 0.5921875 0.1171875 0.096875
0 0.478125 0.64296875 0.07109375 0.07265625
0 0.69296875 0.65078125 0.0796875 0.04140625
0 0.396875 0.684375 0.0953125 0.12421875
0 0.71484375 0.73125 0.0953125 0.06640625
0 0.321875 0.75234375 0.09609375 0.11328125
0 0.459375 0.7796875 0.08671875 0.0890625
0 0.57578125 0.7796875 0.09296875 0.06953125