0 0.1171875 0.52109375 0.0703125 0.3546875
0 0.23359375 0.44140625 0.06875 0.34453125
0 0.28203125 0.56171875 0.06875 0.34765625
0 0.4453125 0.61640625 0.0703125 0.35390625
0 0.44921875 0.315625 0.0546875 0.27578125
0 0.571875 0.5328125 0.06875 0.334375
0 0.56015625 0.25234375 0.05859375 0.26796875
0 0.62109375 0.3484375 0.0625 0.278125
0 0.67421875 0.4625 0.06640625 0.30234375
0 0.790625 0.37578125 0.06640625 0.3140625
0 0.890625 0.30390625 0.0625 0.30625
0 0.72734375 0.284375 0.06484375 0.2765625
0 0.4015625 0.4859375 0.06875 0.31953125
0 0.5171875 0.42265625 0.0625 0.31484375
0 0.35234375 0.36875 0.06484375 0.321875