0 0.35 0.2078125 0.1984375 0.1734375
0 0.528125 0.27265625 0.17578125 0.2125
0 0.2796875 0.29296875 0.1765625 0.16953125
0 0.7125 0.296875 0.1453125 0.1046875
0 0.315625 0.40078125 0.18203125 0.11171875
0 0.4125 0.40234375 0.1421875 0.13203125
0 0.56171875 0.46015625 0.0890625 0.1734375
0 0.65390625 0.47109375 0.1046875 0.2015625
0 0.22734375 0.490625 0.21171875 0.15703125
0 0.43984375 0.51328125 0.17109375 0.17109375
0 0.31875 0.67109375 0.1515625 0.23671875
0 0.63515625 0.67421875 0.13515625 0.18984375
0 0.44296875 0.68984375 0.146875 0.22421875
0 0.55078125 0.73984375 0.1109375 0.11328125