0 0.84765625 0.79140625 0.0578125 0.07109375
0 0.15625 0.08125 0.0515625 0.1171875
0 0.146875 0.08125 0.0328125 0.11328125
0 0.271875 0.81953125 0.0453125 0.13125
0 0.33046875 0.82265625 0.0765625 0.10859375
0 0.3734375 0.82890625 0.0453125 0.14296875
0 0.0640625 0.83125 0.05234375 0.13046875
0 0.1171875 0.84375 0.05625 0.14140625
0 0.82265625 0.85859375 0.0265625 0.1078125
0 0.884375 0.85859375 0.078125 0.12734375
0 0.965625 0.86875 0.03984375 0.12421875
0 0.07421875 0.09375 0.1109375 0.109375
0 0.32109375 0.09609375 0.08828125 0.1015625
0 0.65859375 0.1015625 0.09296875 0.14375
0 0.23046875 0.103125 0.03984375 0.1171875
0 0.478125 0.13125 0.0765625 0.0921875
0 0.28515625 0.1453125 0.0859375 0.0890625
0 0.10078125 0.146875 0.14609375 0.11171875
0 0.35859375 0.1609375 0.07421875 0.1234375
0 0.5171875 0.1640625 0.0515625 0.11171875
0 0.74765625 0.1640625 0.07890625 0.140625
0 0.15859375 0.1875 0.0546875 0.1015625
0 0.13359375 0.21015625 0.10625 0.146875
0 0.6796875 0.2265625 0.1109375 0.11640625
0 0.7046875 0.22734375 0.0953125 0.1046875
0 0.2390625 0.2375 0.0890625 0.11875
0 0.30703125 0.2484375 0.090625 0.10234375
0 0.159375 0.25859375 0.053125 0.07109375
0 0.096875 0.26328125 0.1140625 0.08203125
0 0.2390625 0.26328125 0.0765625 0.0703125
0 0.4328125 0.4015625 0.0375 0.12578125
0 0.30703125 0.403125 0.071875 0.15234375
0 0.46015625 0.415625 0.128125 0.1890625
0 0.534375 0.421875 0.096875 0.215625
0 0.134375 0.4328125 0.06953125 0.09921875
0 0.10078125 0.4390625 0.0421875 0.0765625
0 0.5578125 0.45546875 0.05 0.1953125
0 0.05859375 0.48046875 0.0546875 0.06328125
0 0.47734375 0.48828125 0.0546875 0.23046875
0 0.43828125 0.490625 0.04765625 0.21875
0 0.3625 0.05078125 0.05546875 0.07109375
0 0.15 0.5078125 0.0734375 0.0703125
0 0.51796875 0.5203125 0.0265625 0.16171875
0 0.121875 0.5734375 0.09140625 0.06796875
0 0.946875 0.634375 0.0734375 0.03359375
0 0.1140625 0.6359375 0.13984375 0.0203125
0 0.89375 0.63984375 0.046875 0.04609375
0 0.26875 0.6421875 0.0828125 0.0359375
0 0.9734375 0.66640625 0.0453125 0.08125
0 0.15 0.66640625 0.0765625 0.05625
0 0.07734375 0.66953125 0.0734375 0.0453125
0 0.13984375 0.6734375 0.1 0.0953125
0 0.8875 0.6875 0.06328125 0.08125
0 0.27421875 0.69375 0.09609375 0.11015625
0 0.87734375 0.69609375 0.14296875 0.15390625
0 0.3421875 0.7078125 0.05390625 0.13359375
0 0.834375 0.70859375 0.0578125 0.08984375
0 0.9609375 0.70859375 0.03828125 0.05078125
0 0.5421875 0.07265625 0.0359375 0.0765625
0 0.05625 0.73046875 0.04453125 0.0515625
0 0.11875 0.740625 0.103125 0.09765625
0 0.8484375 0.75078125 0.046875 0.07109375
0 0.26171875 0.075 0.06640625 0.11171875