0 0.2953125 0.71796875 0.3015625 0.13515625
0 0.73359375 0.621875 0.2375 0.11875
0 0.57265625 0.5359375 0.11328125 0.27578125
0 0.90390625 0.44765625 0.09140625 0.2375
0 0.81171875 0.43828125 0.09609375 0.2375
0 0.696875 0.36484375 0.0828125 0.27734375
0 0.4015625 0.425 0.0765625 0.18984375
0 0.30390625 0.41171875 0.0796875 0.2078125
0 0.275390625 0.1962890625 0.27734375 0.1962890625 0.27734375 0.1689453125 0.275390625 0.1669921875 0.2744140625 0.154296875 0.271484375 0.1630859375 0.2734375 0.1650390625 0.275390625 0.1962890625
0 0.28046875 0.35703125 0.08046875 0.15703125
0 0.19375 0.3515625 0.0765625 0.1984375
0 0.08828125 0.47890625 0.109375 0.25234375
0 0.2234375 0.5296875 0.11484375 0.25703125
0 0.1765625 0.4828125 0.1203125 0.203125
0 0.60703125 0.3875 0.07109375 0.22265625