0 0.76640625 0.62109375 0.29765625 0.12265625
0 0.3296875 0.71875 0.37109375 0.1390625
0 0.27890625 0.3234375 0.0625 0.22890625
0 0.19609375 0.3375 0.07421875 0.234375
0 0.6140625 0.3375 0.09375 0.30078125
0 0.69609375 0.34921875 0.09375 0.30625
0 0.3078125 0.38515625 0.0765625 0.25859375
0 0.4015625 0.4109375 0.071875 0.221875
0 0.81015625 0.42109375 0.09140625 0.26875
0 0.16875 0.4578125 0.10703125 0.24296875
0 0.91015625 0.440625 0.11328125 0.2578125
0 0.0796875 0.44375 0.11171875 0.3296875
0 0.56796875 0.51640625 0.1109375 0.31328125
0 0.225 0.525 0.11328125 0.26640625