2 0.34333972661898954 0.1462541459900053 0.12287440730913754 0.1201926836222805
2 0.21867785224924347 0.3362520614153207 0.15708551634364493 0.11944997497860932
2 0.6099912670999496 0.3054856350317506 0.1970495986429473 0.07848252667402048
2 0.7651872294689811 0.18225568858918845 0.20026743379224107 0.09109168858467927
2 0.7335969199696116 0.6720309720876344 0.21730746832111655 0.07864734656639669
3 0.47826456378509585 0.7419240568672067 0.1647834018612558 0.08476675992479751
0 0.5568287902288585 0.07203958829873819 0.22321326089576327 0.0851520576912671
4 0.7611763447076749 0.4387432830886704 0.15064984604505724 0.0942316511572919
4 0.4746161318344401 0.4207382615819365 0.15237623701054978 0.09664817576439759
0 0.5027789726837172 0.5432660789931132 0.2568070108957633 0.08671671174404309
3 0.19895448617737055 0.6146339265929672 0.12625077958519673 0.1016610074435981