2 0.310293183003108 0.14414256672936426 0.04995295822938637 0.11822075939154013
2 0.9418791691493691 0.3139005346747732 0.07048378205070378 0.12373593034206731
2 0.744025904262173 0.5453548286295434 0.14553297787409356 0.04413861364988403
2 0.5174739429324147 0.9392308681356895 0.13063787799792798 0.09265702669174587
2 0.07479413730806214 0.9485886917107738 0.12187930810555188 0.0720261917107738
0 0.5731035521096958 0.13136928859192484 0.19829841294411601 0.10555095752810453
0 0.8177418099675787 0.1726468404925415 0.14464902812176242 0.14235327916320362
0 0.08929986290584405 0.5531170242202877 0.1505158844080688 0.11763978064607841
0 0.6882188982663169 0.7184129852456145 0.21190499462331652 0.07959329399195134
0 0.835295221259065 0.4175746799221377 0.2040732239451522 0.06211929250907655
4 0.7492162485567672 0.9212780000743621 0.09622649069437514 0.09047510277546919
4 0.5656268066623189 0.8464822940291323 0.10705267473094046 0.05504693874502422
4 0.3417356581911143 0.5446174106075847 0.11579197394515202 0.058522107224093387
3 0.34881179590895206 0.6951904135733343 0.1853424946233165 0.07851095505664674
3 0.10194960442878867 0.7688839456651065 0.145753455748187 0.08235619665368965
3 0.4816757615819364 0.46421893927649693 0.17713188833701032 0.10312895307948011
3 0.8683323914418913 0.5989493553212892 0.05115373924663302 0.14400200939154004
4 0.43891468093619335 0.34037026239447077 0.1121233184446341 0.08020610623551025
4 0.23079611993515742 0.2880570514063251 0.1019477977664696 0.0626366042583439
3 0.12378844871887366 0.19916169467652328 0.07791098428423426 0.06555601581733077