4 0.0862690583264073 0.27961851581733077 0.05318069121648215 0.11837992688202607
4 0.7817963474126237 0.8874640741809191 0.08491085228117753 0.09315443380210837
2 0.32837169220506535 0.13427281821223905 0.08059342539915137 0.04462143330781676
2 0.39552735870696815 0.13622924904859787 0.060324687756440995 0.1022920118629981
2 0.35998501440881814 0.8718364852084335 0.0725381862735663 0.09577009783255334
2 0.5607025974126237 0.8784551942194128 0.08076452174882984 0.10624468281352506
2 0.5633886097327323 0.5424049476794538 0.06776977323170463 0.11273476334587293
0 0.14993224068282193 0.750964275208871 0.07726944863085597 0.15445934832684483
0 0.18794028216613423 0.5544049515966055 0.11483577422028776 0.11933227323170463
3 0.31214315022746153 0.329379729771226 0.027330457033813003 0.1922020874524298
3 0.7313480894667773 0.4533145672608369 0.04740819368794007 0.12984400889724856