3 0.6398802295941216 0.6255030565722771 0.05669835080120365 0.07714430267345414
3 0.441950577520603 0.6309279952657759 0.04548674019805539 0.1363283986712272
3 0.5028059139017135 0.2743325499284124 0.06041867309152771 0.11074714334022699
3 0.41148041046134354 0.5064098006047301 0.15004851814328699 0.029061886020044624
3 0.28455845108324207 0.6725626066200021 0.07204994872768503 0.07420111600890866
3 0.26118646748310265 0.42230861529282004 0.07739155961365718 0.09065281934277233
3 0.06282015212000129 0.6735818559834553 0.05386587672018497 0.1161340773392725
2 0.6777396889722231 0.4603865865690954 0.13789983265791647 0.05077325401813546
2 0.04866592657838027 0.3358096833227278 0.08646376324231463 0.09622156667727229
2 0.23105805301574128 0.29388417063177436 0.13027255183796277 0.07956132535009015
2 0.6725223830817597 0.24348089723904978 0.049373866352592444 0.10047271467218159
2 0.3093565846841669 0.09473759862350199 0.06794820909527761 0.08976248134149963
2 0.33400597869916704 0.17873988128582038 0.09126884043361097 0.06193747334499946
0 0.6171697932137967 0.15359224124764032 0.09559475546662029 0.08462099534531764
0 0.0786385161635195 0.5016977653166826 0.07869021946287016 0.10549656934277216