2 0.29233588854837994 0.1429060086248138 0.05541810626782375 0.16353621257731515
2 0.7249344836001393 0.1898143778506921 0.05490069641861091 0.14875623545613242
2 0.6161378076338897 0.3871833275511297 0.0669126808672221 0.12646664727484325
2 0.388060617247547 0.31659898695394456 0.06718608294074055 0.12959164727484324
2 0.4183360032040288 0.484775159982543 0.09495020650337942 0.09229881242753404
0 0.4934691615926393 0.16682251437468967 0.07621862181921273 0.18850426166892964
0 0.2501848681425015 0.7754156196849202 0.12416810626782375 0.1691482259132348
4 0.47595443063088083 0.5886656924042579 0.06979367309152754 0.11506676166892973
4 0.14115764000898237 0.45232841923557665 0.06735217827532383 0.12262417015366048
3 0.8205239283218067 0.48917703587638106 0.07513528397749987 0.13179187606301604
3 0.525722110366807 0.7645587705836074 0.058455631903981245 0.12732764560785342