3 0.36391305047485367 0.20369820755368936 0.06091843111623927 0.1369154420510225
3 0.4448032816037282 0.8393696680205632 0.09322481426490725 0.06782380780780314
2 0.1866855900626477 0.6262348182605597 0.09643238229073817 0.09764781570031093
2 0.3296807352855096 0.7694905365493543 0.10093802586424747 0.09167083148532651
2 0.587640336301724 0.6823446652485531 0.09910274122451135 0.08220482622365459
2 0.8063231739901033 0.3979296808218071 0.05092966567683312 0.11527566048099143
2 0.6108037370013693 0.45985501522031813 0.14221624373179384 0.0628779735504665
4 0.7131772645814763 0.22560038353734763 0.07134145407749273 0.09306673151356133
4 0.8050000178801817 0.5132816650367916 0.09639527837152997 0.06956831833114699
0 0.35534935886726615 0.4722739023061349 0.07983591567683304 0.11695925782192056
0 0.8392339285424498 0.6712607650085567 0.1411083847980205 0.07841196828879457