2 0.30531057685142066 0.10767225631509199 0.06036905347041026 0.08603453628657398
2 0.3385440579098857 0.20568938275245302 0.08734681671196202 0.07208890494824054
2 0.24098100703736547 0.2969794726204162 0.11183871832111639 0.07811402101800909
2 0.052601568049344315 0.32687414976444434 0.07332252153942502 0.08250899509902769
2 0.6908067723726041 0.518692979501156 0.12782435124083733 0.06243023242236099
2 0.6832666960253867 0.2892987139497672 0.05844592055068922 0.10294863421305545
3 0.5123479086465198 0.31679085249814715 0.05800887797604233 0.09669863421305544
3 0.2740452432916106 0.431139150612916 0.06956373701054978 0.09538014198874975
3 0.42552062595923 0.535570955325601 0.14526322351689647 0.04532064486347202
3 0.06691653225996133 0.6841979256834257 0.051436449883784464 0.12485302851087958
3 0.30547093386911567 0.7011385837892122 0.09163547896477811 0.07789940754013873
3 0.4637422557768577 0.6859024374651379 0.05325032215984358 0.10637643058439802
3 0.6634908835007985 0.6845134691335634 0.06236859604505725 0.09242123732333311
0 0.6254866830359365 0.1938502214426377 0.06593063861970413 0.09894463939685175
0 0.08571508078669302 0.49405137931208304 0.05559407215984367 0.10658148213953708