2 0.6930421938630487 0.16953125 0.13846981955518664 0.08828125
2 0.746341964839423 0.3984375 0.123726199104836 0.08984375
2 0.3680400848283485 0.571875 0.10295262415097853 0.10703125
2 0.43371064544112 0.8515625 0.14832568090623877 0.08359375
4 0.3354428400701358 0.3125 0.10584828423772627 0.0546875
4 0.22209082742709282 0.7890625 0.10350453423772628 0.0546875
3 0.6362801426633429 0.61640625 0.09676318090623859 0.08359375
0 0.49468982727020927 0.42421875 0.14263688540974542 0.06796875
3 0.4458668052141007 0.17421875 0.07610952189922493 0.11484375
2 0.5516476334071607 0.2546875 0.11186774676079754 0.06328125
0 0.11799002005352381 0.57265625 0.12371570712440043 0.1140625