3 0.26990786516993986 0.5504166059236288 0.14579927273741297 0.11028075527500576
3 0.4612517426599883 0.7629826099808186 0.12172776136870649 0.05599267572970099
0 0.5580127712545382 0.11044971955789554 0.1855183473382617 0.06959725405718978
0 0.6436437955120071 0.6217378214243346 0.1774949417107738 0.12176372605401262
4 0.7642826062726913 0.5168884545403618 0.14685243676785795 0.09780802881395623
4 0.8230169136105154 0.7895952974783472 0.12178876977166339 0.0958091521907507
2 0.32332461421853764 0.941696170858437 0.19953176779449713 0.0877978291382675
2 0.22676140714754373 0.35370920129724626 0.1447461087069682 0.12275348173605546
2 0.44066473965705766 0.3535394261334428 0.16912668479069168 0.08882849512873606
2 0.6453721442959625 0.3001219200443629 0.16410360376405234 0.09967053774240986
2 0.35424578410611957 0.16778711241645064 0.10665585969555132 0.12677278003177211