3 0.5117013587155222 0.181809785586517 0.0844345421027846 0.1424423336393613
3 0.19680550109630834 0.3874688227193378 0.08041916469812271 0.13899846924527495
2 0.46011897823081754 0.47659599816383214 0.046790698363386694 0.17987868969849785
2 0.2842831314113769 0.7378996442307274 0.06895587504240908 0.16766560318419862
2 0.3024503219702154 0.5299755739272858 0.10226688284695733 0.1400028598521585
2 0.7829860816736802 0.1542118466369251 0.045781269870265894 0.15097243969849794
2 0.8248734481937507 0.4047541095138027 0.10563741950744614 0.14728920136742757
0 0.3725346103599847 0.7984707402879244 0.07865825725639422 0.17780587773000586
0 0.6305257035512282 0.616153350429947 0.10075151206571746 0.18584151833688942
4 0.18244037841615204 0.7095989142346069 0.08102679990733277 0.1117822650029094
4 0.6596080906593549 0.2741253470959671 0.0775843413771451 0.12474465060882318