0 0.26171875 0.26131911866996527 0.175 0.05784883930724707
0 0.67734375 0.1777367190652534 0.16328125 0.11341629984470822
2 0.50390625 0.3183070531108287 0.1265625 0.09018392619541978
2 0.1921875 0.46068135281436257 0.1328125 0.07414169724210709
2 0.71953125 0.49246707700011355 0.13203125 0.07175244461127121
2 0.5609375 0.6524853610598063 0.09140625 0.08266755780780315
2 0.5 0.5818158162650082 0.04453125 0.11118739995764777
3 0.3703125 0.6221817529837719 0.05 0.11306841837349921
3 0.58515625 0.41435602950389255 0.11953125 0.06555565251789641
4 0.171875 0.6032706712160966 0.06640625 0.09527397362105354
4 0.74296875 0.6239144980750357 0.0984375 0.09557708148532651