3 0.5381605537225118 0.18848122300664588 0.13438570767745475 0.07549825262089364
4 0.32489536523869367 0.27514420650609156 0.13104218639013113 0.07217299352159508
0 0.7291783096745965 0.3842709916666685 0.16538433540139544 0.09615071406423077
0 0.296392942846419 0.41253478253968323 0.19828431671196203 0.07725981415651581
2 0.5743811850527487 0.4840137685031391 0.1384229976542116 0.09986719694536764
2 0.2563520869140047 0.5406307017257296 0.16735674480421991 0.0465011674880035
2 0.5321986749132902 0.6259719285898868 0.11600169443590289 0.09065288325027723
2 0.24840246514214864 0.705004082355113 0.13478989926336576 0.10352312307124442
2 0.6103450902681994 0.7647526287744569 0.15529378737886682 0.05195013109080886
4 0.7992280017647108 0.5629757850036933 0.09109452958519668 0.10150074568106326
3 0.4741669256695948 0.8415783397563686 0.11128706126408047 0.03435281847545255