3 0.5338998403746776 0.20304947376536484 0.08839877081949084 0.13918451680591398
3 0.23687105335917416 0.39609245551375716 0.0842922617201923 0.13590034931542797
2 0.511167751384276 0.4961428991645162 0.05193963911037329 0.1782178419010542
2 0.3598507850036934 0.750611517757316 0.07369472316352939 0.16507851334587292
2 0.3575211196751583 0.5431345987839553 0.10611719694536763 0.13601043726214943
2 0.804643136950905 0.1865344999256379 0.05008724244186098 0.1493115919010542
2 0.8717455035437442 0.4391528225493202 0.10969277991878953 0.14316902125453818
0 0.4548314204134389 0.8148875819780415 0.08367050046142524 0.1748355153230392
0 0.696811762024734 0.6428866120926472 0.10594601866002265 0.18197685326976068
4 0.2543727405869343 0.7180947895061459 0.08410249460132917 0.10862026631162233
4 0.6921710202011822 0.3015612751345088 0.08104734577334831 0.12174234882113648