3 0.5345484361034799 0.12705058514370876 0.13281680810555194 0.07398413387576941
4 0.3189298982618077 0.23937792401700375 0.12954625889134022 0.0706953595655099
0 0.7212608397419711 0.30209044945891705 0.16337760339082194 0.0942899898232347
0 0.28716197559778195 0.38122790931768263 0.19677014619489305 0.07499775723608923
2 0.563891449542934 0.4207629635924112 0.13628856451569274 0.09832571460846395
2 0.24405629259467396 0.5150573547042698 0.16651756596343467 0.04457659486618883
2 0.5183157380037787 0.5688186832892579 0.11404969148016342 0.08936679443664755
2 0.23223915094789485 0.6817059441433917 0.13256425103345731 0.10202724672063965
2 0.5933243542148825 0.6995906484635489 0.15430866439185814 0.05017149762515096
4 0.787224095737827 0.47406062471911625 0.08885063833701032 0.10051565637700666
3 0.4551394576057047 0.7929798795803563 0.11064855562435252 0.03307585085908258