2 0.6119106528708322 0.2624991891190863 0.08334239199455276 0.11774265340856668
0 0.4191085028425975 0.229416133519769 0.1163669945971538 0.14875687418757347
3 0.07975903455380287 0.3626966432622969 0.03495039462538867 0.11767842370110611
2 0.20955440841485284 0.5510887617678275 0.06535823144297419 0.14396423417168744
4 0.7387861530825939 0.48759642085514177 0.07557539462538862 0.11838753571381488
3 0.38548611881113964 0.4173019172049891 0.0845184841443972 0.0709358372559425
0 0.5801931321064936 0.5653787272685333 0.09440098933548206 0.14681254464226862
2 0.4362247822759027 0.7411718396882792 0.060397715657958526 0.1391949135548362
4 0.5515705192628975 0.8956838360348313 0.09256620257436624 0.06171084172016954
2 0.23374525340729474 0.8205342370110612 0.06149748407381015 0.14467730032431164
2 0.7416403243692776 0.7339901797835955 0.10840330517696728 0.09242505357072232