0 0.17161454796829836 0.3101584297901861 0.07364078780340293 0.1777761724832901
0 0.2157236514074301 0.5288305633132504 0.05954126700184039 0.1423880974022122
2 0.6622012207459719 0.4038973782513538 0.03570502991961817 0.19195172077900685
2 0.8294023320688882 0.6352586521973412 0.04693281743868098 0.1710625223211343
2 0.4246434033072911 0.5782872723244296 0.08446853181947933 0.13969947402541755
2 0.5461553806058677 0.5582048230557783 0.06911628875333342 0.15114548863591432
2 0.21966169652593687 0.7622606720795483 0.06504703780340293 0.17762616801906325
4 0.6336164001731591 0.6925604577966585 0.05563501700184048 0.1423199135548364
4 0.3825507415475344 0.37363672849293983 0.09071853181947934 0.13980856818121898
3 0.45866125949930536 0.25751112216227384 0.0550180743725349 0.182917640015886
3 0.7256143297877775 0.16226325731019123 0.15772288744281263 0.066008603895034