2 0.4273922985267317 0.190625 0.06471769988378462 0.12109375
2 0.6006044674879372 0.60078125 0.14526857735562365 0.06640625
2 0.6601047896477807 0.703125 0.11685400025210164 0.0734375
2 0.25848303344359447 0.4453125 0.15108153478097677 0.06015625
2 0.43832907057035975 0.4140625 0.0951100402288585 0.09765625
0 0.8628920279957129 0.4078125 0.07802072921687966 0.14375
0 0.25785922863580196 0.74921875 0.07487394988378444 0.12109375
3 0.32535881302879116 0.54140625 0.07373778478097677 0.06015625
3 0.2699618468013618 0.3078125 0.10958244963168298 0.04765625
4 0.6554348070767064 0.35703125 0.10106510928660892 0.07109375
4 0.7212404875147529 0.23671875 0.0610792476542116 0.09140625