4 0.5623092392260525 0.6183491957087499 0.05077143983681935 0.11598474784053181
0 0.19525087117477608 0.5349628901901075 0.0652133707505688 0.1526732194629016
2 0.3914163987691777 0.5895163895717986 0.04058022365499818 0.14565246144333716
2 0.33262081661067266 0.5523179757844231 0.08688653859206381 0.12063147748246603
4 0.2350433865221157 0.32138005397748304 0.08879165809323268 0.084213116131414
2 0.3562070688857578 0.2685029827242534 0.08584517946385706 0.13766878315799208
3 0.6828422690955392 0.38272947562753956 0.047078677389264634 0.13907179441675907
0 0.899583173664287 0.5754338170819513 0.1372533914964933 0.11841693784606892
2 0.5801408923449077 0.8947114366094514 0.07984363319812342 0.13028707973421944
3 0.29549228259200105 0.8010570619970474 0.06354228174358649 0.03828005243632369
2 0.4201146969090111 0.8759044725452206 0.08224658278320493 0.13121852405869347