2 0.5819574299809099 0.16440462307860523 0.08697383601209037 0.0925641847906915
2 0.28242686059836675 0.5148715607978652 0.1192590773392725 0.048588691710773804
2 0.6626661545592322 0.8187830583635882 0.09482269867918128 0.0960075197716634
2 0.797731497891505 0.8321027535344033 0.1231380553389542 0.046404109201260015
2 0.6993747192075512 0.955499149770351 0.09140679734245402 0.07088018577927464
2 0.4911451432209143 0.8485302722803025 0.06755167401336308 0.10114334733826169
3 0.5770217452657759 0.521404039580508 0.15185340133672726 0.031175698630855918
3 0.722388241923958 0.5898569037246837 0.06829656134627218 0.09805018083635879
3 0.4766655672342773 0.7494561023183586 0.08749145667568144 0.06993976828878878
3 0.579602947286775 0.36674837307860525 0.031160188017181057 0.12777217292769344
3 0.30443931528486584 0.3696054817483923 0.06410850067631771 0.07367226334587285
3 0.85502111795832 0.34201626440881816 0.054070429344363194 0.08341467787060938
3 0.6799756646244565 0.3387918108350463 0.05787668200986325 0.07498009536109525
0 0.8760319572724573 0.4843456858536368 0.06700678134945406 0.12142401384016441
0 0.3635650358848235 0.8636539120904596 0.07054940467854491 0.09033318133065045