0 0.5525850580062923 0.669971579035214 0.12616337152108806 0.16374931874690707
0 0.6894937083252514 0.25189768769621274 0.1393170757634536 0.1628828595655099
4 0.1260376308948079 0.38791715909054003 0.0701845674285038 0.11647484905006031
4 0.3236933651429924 0.24449578697341562 0.0810582945496865 0.11626680913596861
3 0.1731208275511297 0.6665611374938141 0.07509520803538727 0.13851362336031983
2 0.4184813828516619 0.7461102758921392 0.06155886652011837 0.13469258254171698
2 0.730391193612206 0.6832129647200057 0.09476997924721467 0.1317656563770065
2 0.34643065285554125 0.638768087402957 0.1291451081851685 0.09544969810012063
2 0.5470200684672739 0.4978542395960921 0.1671074937910822 0.09354968340079957
2 0.5735660772612656 0.3360502804146949 0.07021638939893542 0.13592421189493056
3 0.7670615014978122 0.5031093848918222 0.160857622729036 0.055104659090540055