2 0.35626259377692515 0.24138556260146266 0.06331358713762576 0.1442141757464694
2 0.7238722745932803 0.2773734310191241 0.03202722570130732 0.13577896287323465
2 0.6489939526791609 0.5301649312712257 0.04680279800821019 0.12509818898802116
2 0.5061706484244348 0.5151622801662744 0.08338519262201594 0.10422831411407199
2 0.4167662181972549 0.8486246262113315 0.10734032220870696 0.060609354090829015
4 0.5312110341594459 0.6407032295458558 0.05526928298109546 0.1038241225281606
4 0.20707007309246978 0.5157731934274967 0.050649960674192675 0.11521509059717552
0 0.6275058138208918 0.33096796060432077 0.03919483108750157 0.15970813576971246
0 0.42003822658507006 0.42044499588950063 0.07583176785578498 0.14821326089576328
3 0.5893366306668456 0.7170747054085407 0.05933006908544911 0.13065977413731494
3 0.8245524888817102 0.5561543588592804 0.07563177995603354 0.11383826089576328