3 0.3649777031727101 0.17655322281089697 0.061696446549288186 0.1345892341716874
3 0.44954872076554137 0.8074935312528833 0.09358879809323425 0.06409550202859507
2 0.19027538056952262 0.6134607077933633 0.09696925843752054 0.09382391233702041
2 0.33405764082114164 0.7461896128267831 0.10143850362819702 0.08765573295387145
2 0.5914212183184706 0.6392911818220762 0.09954862141421188 0.07825345941492116
2 0.8083705830244426 0.33766663190480173 0.05158483656782167 0.11333184293798534
2 0.6132788270339928 0.4145542345820198 0.1425347295815799 0.057142118505530526
4 0.714251016875041 0.17202008685549597 0.07186013103285874 0.09026253571381497
4 0.8077207969969258 0.4533734525216528 0.09676836179556503 0.06571254910649564
0 0.35798369182478273 0.4463708449698755 0.08049108656782167 0.11383640340856668
0 0.8428646672300115 0.6091052552815963 0.14151786660488846 0.07273984496658023