2 0.29091406017246646 0.2578125 0.08627360194308009 0.14140625
2 0.5233477245643247 0.3 0.04041529238978612 0.1296875
2 0.7652100086819431 0.61171875 0.06570639081820957 0.1359375
2 0.36809741418246117 0.58984375 0.06577916542531544 0.1375
2 0.48616467162605925 0.709375 0.10662033519385705 0.10859375
0 0.5031936980951919 0.5046875 0.10209980913900907 0.1625
3 0.23113256926869444 0.71875 0.054623341603997844 0.1328125
3 0.7423632059530748 0.4734375 0.12801799214211726 0.03125
0 0.6385488854415261 0.20703125 0.14310579879992708 0.15390625
4 0.6619116883752822 0.7421875 0.11081552956950454 0.08125
4 0.5392619005336101 0.84296875 0.09713617328319835 0.10625