3 0.5260553493003547 0.23328720170098802 0.08364287727617317 0.13732845048646736
3 0.22271270361527443 0.4083694277582959 0.07964569906292791 0.13413526663909145
2 0.4931281551854848 0.523970702918804 0.04576244404836309 0.17727161201270897
2 0.3331467160851797 0.7687086842511176 0.06800951708875883 0.1636045783274888
2 0.3380602219576745 0.56186834902377 0.10149796700961655 0.1337358461843962
2 0.7969899749271754 0.232550410708872 0.04492135807584319 0.14836536201270886
2 0.8551818743066724 0.4881243007247581 0.1048275554894186 0.14082164326229699
0 0.42574940472326633 0.8382592995102373 0.07765730172849494 0.1731432195611909
0 0.6733876196878189 0.6809452260507174 0.09971415815498563 0.17977504910649564
4 0.2289533095795467 0.7301898806803953 0.08041257719703099 0.10681879017804193
4 0.6806639444440744 0.34062023497917104 0.07689277210332364 0.12003185633066601