2 0.32920843871863986 0.17137987265731974 0.11684835511284994 0.11818536183676712
2 0.18850379789197486 0.3509727812745238 0.15118244480442447 0.11684182218246608
2 0.5809094862035776 0.34988427203681677 0.1934011724832901 0.07512333511458973
2 0.7462089780859027 0.23901027117888693 0.1959631107948928 0.08769153127452381
2 0.6720882707028718 0.7238195287007343 0.21370003571381488 0.0749331185006847
3 0.41170414976170927 0.7740849870013692 0.16072504017804173 0.08198108887551356
0 0.5482954038156038 0.11365961553118376 0.2192778798696164 0.08134224287386402
4 0.7198747544675221 0.4938425236861693 0.14605856818121907 0.09170542986259811
4 0.436045225246529 0.45431805628084143 0.1476619784896446 0.09409464396922065
0 0.4534218656694521 0.5783238576136249 0.2528716298696162 0.08231972116625172
3 0.1446138814977647 0.6263986786089568 0.12120857264544589 0.09957175415663518