3 0.3327846241437851 0.42012829363264037 0.1025989763486459 0.04926159946188058
3 0.23044609982684086 0.6939361288264976 0.08395807912218753 0.0530758041766104
2 0.49676208405927136 0.7112519456185018 0.04451567904593752 0.13552227708830528
2 0.7773717319513198 0.46902794251812985 0.0478225170018403 0.143480326302517
2 0.6822800503399311 0.6173627427657988 0.07534679853697916 0.08545165653397539
3 0.6369999986688197 0.41925488255055116 0.03101557028847246 0.09197133023145838
3 0.46040374391916716 0.5604364623677248 0.08475751291777786 0.053893441480163416
3 0.22683982940652797 0.23657739309452114 0.05863077080156254 0.03784891046291676
0 0.8259949891695145 0.6763652535191659 0.0970776345930208 0.14733522642635144
2 0.37071580955489597 0.16809060463367645 0.060776458681215395 0.13003641046291667
3 0.7662822294827779 0.12698599173234157 0.027890570288472284 0.09182578101724666
0 0.800150696047778 0.23803049959022443 0.042608340140104416 0.15416311517764641
2 0.12273747691732675 0.43460397828837827 0.09053538744281253 0.06742940260503386
3 0.5254214933504863 0.16166716853019655 0.04164394576343753 0.07919950248119934