3 0.1966739703385542 0.319323311219586 0.05992496672431687 0.09937798879011232
3 0.44252734670379146 0.24637924516820803 0.05996132816063522 0.10562798879011233
2 0.30962290135130094 0.520040401526907 0.05415221057599684 0.18089905575957416
2 0.1971041997522946 0.6484208798560378 0.045535734678297766 0.17629130409258414
2 0.5408370607958297 0.41072840077800105 0.10925280103327228 0.12214568015560019
2 0.7823933017206433 0.4046529703325367 0.10242608411256367 0.1567279742462448
2 0.5681252268796577 0.6912129972942399 0.07673573770335977 0.17024846924527495
0 0.34450994399675805 0.8378814768313187 0.07776697257804929 0.213280992124092
0 0.7757331938003663 0.7433328330596332 0.08398061114173103 0.20754117515463033
4 0.6560377964560861 0.8961393554794086 0.08510677390590918 0.13266872091226461
4 0.4469910911446465 0.5539206781987461 0.06551189139235199 0.12013689894183308