2 0.3012972427899534 0.16343971516238903 0.15695262902925916 0.056249484248184475
2 0.21887359646587906 0.3118456510678651 0.12074101842611089 0.11224452167086926
2 0.396872165881481 0.2806109818322885 0.08144407257314797 0.11524210485118865
2 0.528620451885231 0.27042239411004126 0.15015582488222207 0.049489301217646366
2 0.6114580950052766 0.6409738812331637 0.189940786286574 0.06980167227969236
3 0.412580389067545 0.6906716369830395 0.15865183006601846 0.05793953000581897
3 0.18163460249814714 0.5422827080353873 0.1178115080585183 0.09649197591323463
4 0.4267339060795363 0.4180152580450856 0.11227440754013873 0.09526431576151388
4 0.7385202980682862 0.5062954765414546 0.09538970391148141 0.08845633530635126
0 0.7076626943923605 0.3486424732074747 0.11677597983046262 0.12898561151914834
0 0.6731290353916194 0.5568059174479004 0.16393465235634253 0.09172459864227082