3 0.2897280435830531 0.29374477431694423 0.07120264666547574 0.11475413744281253
3 0.5258680033541947 0.19043336388836765 0.07592835149293879 0.12656380642076392
2 0.6457373789844485 0.3715359338924995 0.09928944183801285 0.10370818787965277
2 0.3542597091900639 0.5003935113991664 0.08054479567674004 0.13681097539871523
2 0.8903179054675521 0.3329773544859715 0.0999667850330784 0.13570307028847228
2 0.41917950486680394 0.6342587119122566 0.08853761213660061 0.12841724715020852
2 0.6289633223350706 0.9149962995838191 0.07887303503307841 0.13521210780753493
4 0.7568433958322965 0.6287470622172563 0.04371678503307841 0.13439383700597213
4 0.22326071748793713 0.5965626094230554 0.09132947636688797 0.09026328371934049
0 0.5233485627766896 0.4565493263693051 0.06681543144645267 0.1747103656913195
0 0.4824710985660726 0.8119830151988886 0.07890016820490083 0.19137118882958326