2 0.813517037837163 0.8798098178209524 0.06091188296032683 0.16966183664159934
2 0.862022888541898 0.5320487140158454 0.07381214329940881 0.1788377834984459
2 0.8220013943328663 0.30879099648083413 0.13910534946188058 0.10782111621110371
2 0.3129861908564816 0.7949123554577368 0.06445425992479743 0.16203127315936391
2 0.7382043988809802 0.5348568827509297 0.08387634801413864 0.16059720574818712
3 0.5613808413946009 0.7051393418088857 0.06182371960192583 0.22271406203449332
3 0.168544600495338 0.20429800992479744 0.05902405128112633 0.19607878742738744
4 0.4438273143062957 0.6583477708830522 0.0672153868892682 0.15436432237357564
4 0.4011366226212445 0.17693295099067607 0.07557154238978611 0.13292597001621065
0 0.510901228493266 0.3075537123632156 0.07443072745980875 0.19211903349844608
0 0.6716632541338292 0.41170617307380136 0.0748502584770554 0.21786389619489305