2 0.5593920866486372 0.15566895163378652 0.1852022506763177 0.07860645555093822
2 0.34856312730745576 0.2049182406456409 0.20079997867599958 0.07689937551288209
2 0.4097535239497295 0.38718425399151374 0.21700623400699967 0.060380378972923233
2 0.19141150926959385 0.4775532915204933 0.19073463534372678 0.08429804003761862
2 0.5084962752228233 0.8351681092384406 0.20224430000795407 0.06680679250907673
4 0.7691076059039135 0.7394868306067097 0.15126360268140857 0.11470578163466154
4 0.7232433119430481 0.4492000702265864 0.10592383068109026 0.11051568874502422
0 0.7333733846276381 0.3175189887056556 0.16490847935231728 0.14649695110231392
0 0.20025760856941358 0.7249057939919512 0.10215448802513523 0.1892309377564411
3 0.447488239258458 0.5700577623944707 0.06478121001749919 0.13148476334587295
3 0.20553873862191113 0.3382188774900484 0.1816863520050907 0.04488537155854946