2 0.3133513723408332 0.1054219840790066 0.04724063554295146 0.12004130409258429
2 0.948286803952222 0.19706954208529892 0.06766223831649328 0.12638689894183322
2 0.7560038125015968 0.45137376012262587 0.14464100598392376 0.050015459702377286
2 0.5388266577726034 0.870681095888019 0.12859908510611112 0.09783120636839726
2 0.09678397492694366 0.9340565224197753 0.12031380642076395 0.07688097758022465
0 0.5756156362085416 0.06062056967522193 0.19602297444878475 0.11347192394668237
0 0.8209820343849306 0.0728926938115554 0.1414634142282985 0.1457853876231108
0 0.10207872549562454 0.5390628868138616 0.14791278276940983 0.12358050546001173
0 0.7042743922893744 0.6302639057304792 0.2102484753987154 0.08812110864421055
0 0.8442149401607637 0.3131725163315437 0.202817181895729 0.07035965273485507
4 0.7699318406182631 0.8245243466369251 0.09420590131052098 0.09424394970043756
4 0.5847768970390271 0.7725785646742521 0.10586944671336802 0.059326815761513885
4 0.3540776365897912 0.4997780198347014 0.11453593189572916 0.0631533174285039
3 0.36464884783645773 0.6486301080159906 0.1836859753987153 0.08595283076442328
3 0.11973443170829796 0.7520572233281608 0.1439695119678473 0.08816916394474283
3 0.49201535410472186 0.4027440389204969 0.17489285685760425 0.11018755621861623
3 0.8814389171749994 0.48948005375422843 0.047840700797430455 0.14582255409258416
4 0.4464145262168053 0.28482295740716745 0.11035757817225704 0.08464568015560019
4 0.23727656876986086 0.25822786180901247 0.10058253466927089 0.06669290560979295
3 0.12830291869361093 0.1829086106010645 0.07645470364722229 0.06862219636645772