0 0.23420929045754804 0.5924186636596179 0.08217712452429896 0.19703996058107656
2 0.4323841466930583 0.47931533235322876 0.05411845011373071 0.15970296153100705
2 0.33876543376492735 0.3058797919843747 0.09652878460041112 0.16615363649288203
4 0.566718042929006 0.5729718005337495 0.065073196159398 0.14122571846486115
3 0.7322475424347143 0.5714605858686105 0.04608577422028777 0.11580749116628475
2 0.13269055281483774 0.536243358473125 0.05469145307948029 0.17376546153100705
2 0.6150361150955778 0.22998421352777726 0.04616137007567467 0.17512793977951394
3 0.22211644463934221 0.257081228914097 0.059749026197454126 0.1254916156913195
0 0.2874112504199295 0.7808440776035761 0.07505037403000739 0.19453255642076392
2 0.5158943946787108 0.8816753065176732 0.10930069863085592 0.1539627610179167
4 0.613165984108307 0.8505324496600689 0.056129277680328826 0.13243194671336803