3 0.25888441903808 0.3421875 0.059893806068300214 0.06328125
2 0.2151294291775387 0.4875 0.13183986188449898 0.053125
0 0.3187196968585659 0.76015625 0.13428180087252012 0.09921875
3 0.3622993601197882 0.4609375 0.04415954542463858 0.06171875
2 0.5342989543232599 0.13515625 0.09004012797604233 0.0921875
2 0.6018549889290098 0.90078125 0.11818155347041018 0.08125
3 0.6726023476345411 0.22421875 0.04408848960843983 0.071875
3 0.7735532064169469 0.3 0.049792186390131124 0.0640625
3 0.6021266846254203 0.45 0.06743315445914604 0.059375
3 0.5078143198909297 0.55859375 0.07497250284999168 0.05546875
3 0.6505316976148705 0.53984375 0.06430815445914587 0.059375
2 0.576056949456456 0.778125 0.11838364926336595 0.0953125
2 0.6928456117092721 0.77265625 0.13318384059717553 0.05
0 0.8069070197747141 0.4375 0.07928829827462991 0.1171875
2 0.6446973248346083 0.66796875 0.09260239926336596 0.0953125