0 0.2244793878763105 0.46446893216314944 0.08713742739850953 0.21276195435896633
4 0.6529877456001958 0.959501618057082 0.11377212939029935 0.08099676388583603
0 0.6658038246445939 0.4838541977342037 0.08014253883482816 0.21847915809323268
3 0.7259060533709633 0.6133533662003986 0.04371870462406839 0.13216222717948317
2 0.4724885992378741 0.14122529938923326 0.04643061416679295 0.19562107593472772
2 0.3882868369412341 0.29883504461534843 0.06119255093507636 0.1826833680512764
2 0.5586862162333375 0.46090010457803654 0.056536867191855224 0.1877969205407874
2 0.5527736012809777 0.7868706087272214 0.04492720150081055 0.20565892676456485
2 0.44345210167376103 0.5193260659859728 0.04493629185989008 0.20722142676456468
4 0.33603503229372444 0.5791252732447241 0.08358518052176755 0.13908765601864026
3 0.42828720656897606 0.8656799251141795 0.05464256908544911 0.1306472713706242