0 0.18662538475305251 0.5125427336650618 0.10368405708339648 0.10089687406898662
0 0.5736976169954634 0.28664574379925617 0.11617951190385671 0.10069782092583343
4 0.4777998305965223 0.45912651943981936 0.06850053600615773 0.09457194540910478
4 0.6336953065924171 0.3909115587292336 0.09500394867214013 0.08565286372990437
3 0.6478037792686624 0.5324804745688339 0.08393009328594588 0.061705941480163416
3 0.38092885489521494 0.3300084077768296 0.11656533128389332 0.03276545822938637
2 0.48737988455666076 0.6282575091007372 0.1745005511314682 0.05655186869230313
2 0.3332594902374426 0.4642956705971112 0.09432269262201594 0.10280397642635145
2 0.34141638212077385 0.254484022954476 0.13694600897699055 0.04543027812176259
2 0.46623457493918147 0.21741205438600741 0.09635282523376923 0.04900688833701024
2 0.19364247833358594 0.37546011062953244 0.12860678903121975 0.08878001778268026