2 0.21101166384023848 0.1323597598873571 0.07883208615976152 0.15262760928660893
0 0.08960257406243229 0.38448462462184774 0.1345531416776855 0.13161562278026223
2 0.1514806970840678 0.5405053956570696 0.09157774762515078 0.1581891944359029
2 0.2882890575540889 0.3807101425549765 0.11304663387576941 0.13711722376899793
3 0.368922661126705 0.19370753326836754 0.08674640547249535 0.0660016944359028
3 0.44667360413844304 0.004610297852671069 0.09958059814554918 0.009220595705342139
3 0.3988536640673811 0.5434454533148537 0.03464499491161739 0.08181808255140374
2 0.1663809215306129 0.7908824540711583 0.06719522331489128 0.15337065445914605
0 0.35678459351145175 0.707513307153581 0.06767990219313509 0.19232389381548423
2 0.7417626175945686 0.2532585878240585 0.12230544719560932 0.10585079827463009
2 0.5137881880389563 0.7564703411782532 0.04597864258219673 0.14955188576971262
3 0.686970060494765 0.7046625506972932 0.08044881784239592 0.09436164121759419
3 0.7727415434205946 0.508738409479699 0.09003850180902226 0.05455609604505725
3 0.5566982208285005 0.30901083313248157 0.04554487336031983 0.06701253737886681