2 0.3031574069013444 0.16650745808394393 0.04737040815498563 0.18132177759440166
2 0.7479507328447342 0.2494659425128897 0.04454928503544764 0.1647379288391571
2 0.4041254911580044 0.5151090562144885 0.04611178503544746 0.16485632800932012
2 0.4843909673388209 0.7172975956317449 0.0719013952228618 0.14030661390209148
2 0.2516837674179632 0.765467021571117 0.06465719655564542 0.1592458680512765
4 0.6037069201626726 0.8084768574545997 0.07034725541027634 0.11368491431700996
4 0.17845188974607856 0.4820993371328825 0.06105482343610728 0.14260281971095026
0 0.5038764724198929 0.2029740638881584 0.08672842484803311 0.19443800684847723
0 0.803102548758994 0.4496426186527544 0.08057771324869308 0.1705861097529066
3 0.6285200859060126 0.4503441261259316 0.035029532528164965 0.1858433342330974
3 0.858651518275893 0.5558324964522932 0.0714096502374268 0.09661581348717299