4 0.7490449253717408 0.6557828763908782 0.06494000452255584 0.126220038878472
4 0.5597444872212429 0.783089795759212 0.07999511646291495 0.10187414976444416
0 0.8569746913142573 0.8751958406699523 0.1864531563770065 0.10030067078245324
0 0.75016925486124 0.41013818572171157 0.08869840909054005 0.16407135339310167
3 0.31953673055098053 0.3693520500945365 0.09315353573022023 0.10069235857689804
3 0.5905120511069099 0.5540365742700916 0.07015977103089917 0.13678639198874976
2 0.2553192588179689 0.6872435961830551 0.12024165818602892 0.142723325165046
2 0.4662833350281078 0.5874950402925918 0.05782022331489127 0.15359318317629622
2 0.20295009610938425 0.42991982026407377 0.10564356965141819 0.14611216531583313
2 0.5356630195605611 0.35326559472245267 0.08627609396167771 0.14752840235634243
2 0.956498899252459 0.6226066658349982 0.08380619120271575 0.1597550002828239