3 0.7442841599697742 0.17915573492085615 0.03304086135422644 0.15572635523343697
3 0.8542853212921837 0.25316311134215486 0.0701590533497722 0.12509798151356133
3 0.6788660559357302 0.4335771953877301 0.10093633867759041 0.08629308674699843
3 0.5781564365850038 0.5674810295038926 0.07833463267822668 0.08966101045275643
3 0.7425916539226853 0.5258942270283484 0.08381247334499946 0.09076077886860805
3 0.3018319359484569 0.3618504687123176 0.10521530601527207 0.11855184990117795
3 0.4285115199315941 0.4786067872552259 0.043905636020044624 0.1501133920651398
0 0.4031729758911868 0.7775371109186319 0.14947383601209036 0.09770799985882554
0 0.8836353719366847 0.41462425610871784 0.07008632801559003 0.11884798151356132
2 0.5819119766470463 0.11054078476556436 0.08542951734563572 0.09553928413027983
2 0.27052629726291233 0.5026420686840828 0.13260396200668154 0.05690869461127122
2 0.7029446145369606 0.913879345415965 0.09852895401018139 0.08068782885449047
2 0.670941731222187 0.7791172085419097 0.10807667667886314 0.0960776104245216
2 0.8052803685550961 0.7744157560381307 0.136492030673136 0.05557370776545092
2 0.7503848779042317 0.6612856954583173 0.10368916868236297 0.12158584463950603