0 0.5861154124446347 0.5924607711469096 0.11787312476889085 0.16639643983681934
0 0.7007799353393813 0.16126812550123165 0.13110891066226812 0.16584033278320492
4 0.14598347209068846 0.3677883833986161 0.0642336477301444 0.11789881763635793
4 0.33559520453971126 0.20063308173429775 0.07514841567683303 0.11794636182749914
3 0.20751303932509663 0.6375196203263614 0.0679951452228619 0.1400106159766839
2 0.4563620647936327 0.6849228035151962 0.05462296700961673 0.13587922303029815
2 0.764126752178078 0.582869515748325 0.0880803246897484 0.13373730518880328
2 0.3788939458307296 0.5878953607785918 0.1244664540774929 0.09829763527271602
2 0.5715624821198183 0.4228470107739476 0.1626340438109361 0.09729216494170992
2 0.5895719992085772 0.2593406178275618 0.06323944906292792 0.13731166846619489
3 0.791275588546309 0.3999619273660427 0.15839517319868043 0.058774116601383854