2 0.33297210216474044 0.1365589263403574 0.11551189139235189 0.1235460890069823
2 0.19654021935659552 0.3305718033147035 0.14987325585373248 0.1238071207505688
2 0.5886549964839586 0.2883536116037845 0.192592020979043 0.08409434793005195
2 0.751263559912067 0.16035589832174849 0.1950084938516799 0.0967719466852965
2 0.6884702067653677 0.6520474134685955 0.21289997579950323 0.08485228714217126
3 0.4294315500513136 0.7295141757156575 0.15982497277444097 0.0894204653566284
0 0.5505681474424761 0.05597974210261556 0.2184050872358217 0.09151668423774187
4 0.7308748336215845 0.41748223670403084 0.14504031010845858 0.09845192324007979
4 0.446318026439992 0.40778088567370113 0.14661644564707804 0.10091407241024264
0 0.4665674148072818 0.5297383960466634 0.25199883723582167 0.09406226639624685
3 0.15908671291368787 0.6100942825687791 0.12009030708339652 0.1051512865174713