2 0.42405273292582973 0.19785248782184012 0.06259625452255584 0.12207559740221226
2 0.5900793611473896 0.6105315401747464 0.14410520409301456 0.0688608685055307
2 0.6477867198083883 0.7137889537295828 0.11556744629109836 0.07538755803494937
2 0.25068158921197925 0.44928079991727454 0.15002765547249544 0.06271996266133187
2 0.4310750961093842 0.4212081672049891 0.09339919719560949 0.09919720495069413
0 0.8557475474888653 0.4223765697994815 0.07550236827193721 0.14493639894433982
0 0.24473364088471605 0.7528052203719697 0.07275250452255584 0.12225287540538936
3 0.315873899252459 0.5464245811668625 0.07268390547249544 0.06136992248329012
3 0.2645692695605611 0.3121489926931041 0.10874755823145747 0.04951085064862308
4 0.6491799649471484 0.3680361229664622 0.09981961555840364 0.07277107264544594
4 0.7170934040021575 0.24901911606660337 0.05947789857509047 0.09236082386326191