2 0.7057155907087852 0.5234572480162655 0.11266561379145834 0.11165924101432534
2 0.4697995405562853 0.7005827763240517 0.04742377991961817 0.1929067518140986
2 0.13476927070465333 0.6505133767716895 0.10290875408406257 0.0949256088003402
2 0.16637510809187522 0.2615947205110873 0.10000195963114593 0.10419148139567849
3 0.6659906355429515 0.0932439583605517 0.07885431145475703 0.13467758956304648
3 0.7218458177230211 0.3430604198859643 0.13722854948690966 0.060215792102784424
3 0.8805175285884381 0.6096154589087058 0.10061890226045164 0.06362104509800943
3 0.35778005167111127 0.18766860327322657 0.12522016517822915 0.11443950063297219
3 0.39388708472486156 0.4960341747801058 0.08879170269729171 0.09209078547936259
3 0.294631313923299 0.4643154380269497 0.0279107137152085 0.19300595553496275
3 0.4452931158787507 0.8570336729660072 0.13007066612815982 0.08806797359113006
0 0.10244512034406297 0.5382688371159757 0.08643042211208343 0.12479415807470069
0 0.29140439646395905 0.8295684157944312 0.12238479948690975 0.059697436930641244
2 0.6009384781515978 0.5904488297747637 0.07800032627239588 0.13152530771188112
2 0.17841790036059038 0.10714283348777871 0.039974302621041825 0.17469246515360964