4 0.16446752236065043 0.27735663710778846 0.08174825262089361 0.13439358883351815
4 0.4077645442598755 0.37708082511074104 0.06750527991878955 0.14281735811184948
2 0.697414934449983 0.5146263857235125 0.046420824335548616 0.1780341648671097
2 0.5675085865171663 0.4460742496954582 0.12072111505167982 0.11121570712440043
2 0.5466303778516063 0.1814808235695815 0.08929064234957576 0.11853805135658932
2 0.4647874113141402 0.8017408636674039 0.06683345388519797 0.18089834901255095
2 0.33589404842192866 0.663307024215577 0.056206834514581416 0.16076632171465483
3 0.24535178670173635 0.5357513255721663 0.07007956739571827 0.13442386721114818
3 0.6967500077057974 0.7123524868955318 0.10808141270764135 0.08395230027685514
0 0.7048317065060916 0.26312444247877265 0.15381421730343323 0.1055559924418608
0 0.29408756631598415 0.13333892196382355 0.09389779919712105 0.12972587523071266