0 0.4327589996072166 0.24180290905034796 0.11237780103327229 0.11783344022789902
0 0.7996531464605174 0.7136872489370548 0.06086529800821019 0.12432617935348418
4 0.9170850443939729 0.482286057226281 0.11736930718159222 0.036025024714579246
4 0.6329509389095828 0.5352797005336603 0.12142100292686635 0.061184192205065456
3 0.3544128484523073 0.6099255093543591 0.09715225595192827 0.05160360376405233
3 0.3231845325883121 0.34629143228205256 0.08564712939029935 0.08784485129259431
2 0.5509252758508169 0.8082171348300602 0.1456442981064061 0.06295228064607841
2 0.27790541148763215 0.7568270256659815 0.1238920179539809 0.08315469269935694
2 0.13740715563389963 0.6500252218253795 0.08407099385167993 0.08543743429640002
2 0.17464808040013052 0.6039659639167141 0.09254202400410509 0.0646938527754692
2 0.8286441922292326 0.3241326590131669 0.11553007211051139 0.12264827422028776