2 0.09249822469763494 0.2333578025461313 0.06561700401813556 0.13732496572854586
2 0.5454617820655425 0.5142548179076238 0.08946303668045381 0.10670429728445949
2 0.8425100520766783 0.6135315649944392 0.06780621268299925 0.12418022362105355
2 0.5049111494270866 0.719564673211648 0.0841124653484993 0.11654202886860787
2 0.4092612000715876 0.550823107511337 0.10141759667409059 0.06055733937783429
0 0.23987649542485942 0.6877330313582697 0.0941505366804539 0.10697731306947489
0 0.819779434715134 0.4045359965927052 0.13300395134468132 0.09128369461127121
4 0.6350140833863611 0.42734562308459106 0.08833634134309047 0.07697129465362362
4 0.6148224987666773 0.7720287915286775 0.05202667134786303 0.10998892100433508
3 0.4696061647039983 0.30216507060904696 0.11089259400859053 0.06969712094786536
3 0.37269863343408627 0.7633917259695409 0.053916435351681 0.13820492626600683