2 0.31793348201781735 0.1035680400562506 0.045885759349135656 0.1203022295476388
2 0.9578874147039983 0.19147566654009443 0.06625280334977184 0.12676684302550917
2 0.7739504087364513 0.4468739404328256 0.1441954426718633 0.050857745381851595
2 0.5708196021244033 0.8673989283218067 0.127580654678545 0.09857278397749987
2 0.12973152546144867 0.9333607212062965 0.11953179734245412 0.07757677879370348
0 0.5793795120146357 0.057268352839074534 0.1948863333465903 0.11453670567814907
0 0.8258368886855447 0.07068054949304471 0.1398721166852262 0.14136109898608942
0 0.12122539807445112 0.5383899737981948 0.1466124653484993 0.12443194641861091
0 0.7283304680935412 0.6260433220539829 0.2094210006763177 0.08934333840736067
0 0.8575794267186341 0.308173733929446 0.2021897560073178 0.07154068374194403
4 0.8009701787873581 0.8198917753998163 0.09319656401177205 0.09478411116879606
4 0.613469631444904 0.7690400492925475 0.10527839334022708 0.0599402194628702
4 0.3725697220719058 0.4976311068799545 0.1139085060073179 0.06381707516504598
3 0.3883776300922685 0.646400797549121 0.1828585006763177 0.08701942078245342
3 0.14638158143694976 0.7512515587651855 0.1430783853437268 0.08900229434509228
3 0.5075072487269063 0.39980061668189915 0.17377440201304495 0.11119921456189781
3 0.9010765300763601 0.4842386564553259 0.046185751352635404 0.14608347954763873
4 0.4576516047103617 0.282163348821436 0.10947554467695397 0.08528197205476831
4 0.2469862773710892 0.256799638265556 0.09990055000795417 0.06727426583421278
3 0.13506698535963516 0.18213041187546322 0.0757272533418178 0.06906164976444429