2 0.5860483685055307 0.1576058438235714 0.08749209172016936 0.09156302586424747
2 0.2970633295420095 0.5115131276718847 0.11951365909060954 0.047205272103323814
2 0.6856890474783472 0.810955815847753 0.09535913879807012 0.09491534639736088
2 0.8209816651730989 0.8227009610706147 0.12337899878218402 0.04497518236988043
2 0.7263294585975516 0.9472259364600084 0.0917977621748646 0.06982441818411544
2 0.5152362256436802 0.8426962461725693 0.06812448295387145 0.10036972453146405
3 0.5914991221556832 0.5146143617702601 0.15199887662320535 0.02941001834239998
3 0.738683813713697 0.5813652557394807 0.0688511858759707 0.0972674565847754
3 0.4978929926898088 0.7438041051063424 0.08787787540538936 0.06892950791755884
3 0.5895802917995996 0.3599495938235714 0.03189665665497756 0.1274263180258309
3 0.3148257536501527 0.3660104110579795 0.06452219602224049 0.07293504631821852
3 0.8639530004037418 0.33201377658916326 0.05454322402541756 0.08279577962517112
3 0.6890211842511176 0.330828046647423 0.05829946956119088 0.07431568989172792
0 0.8890775056787475 0.4740792561351922 0.06769778896022594 0.12065949247815269
0 0.3882470316500346 0.8593034214828208 0.07105856818121899 0.08952315274470948