2 0.2774063407518631 0.2431956428093393 0.08051017749670537 0.1455824949116174
2 0.5076296510567134 0.2733047874277009 0.035129499803608154 0.13148901741285454
2 0.7331598744203297 0.573108956356322 0.060165861239926774 0.13904921189493055
2 0.3371933894474443 0.5719923501817141 0.0601749515990063 0.14061171189493055
2 0.4489979769778536 0.6856277250123719 0.10219427995603354 0.11391641508343398
0 0.47675131401728343 0.47954814337516616 0.09547664734428025 0.16745417288534997
3 0.19347468482337585 0.7083912748760863 0.04921018052176755 0.13535100180902226
3 0.7175581211988759 0.43568752148518436 0.1267443071815924 0.037882859565510074
0 0.6277017774219507 0.17407167006027485 0.13683290036934234 0.16103043249628843
4 0.6230258294371815 0.7093098072154046 0.10750394867214012 0.08685927012638786
4 0.49509575127654626 0.8167648603584794 0.0928056444174139 0.11108134215265544