0 0.42823189863145616 0.2518475032497062 0.11303689668204467 0.11523130803494937
0 0.78663091323205 0.7322115186742769 0.061574394016544784 0.1229250312495882
4 0.9080172065961396 0.5035762297140511 0.1175511266709087 0.03329551542127547
4 0.6231604012571854 0.5499462638030129 0.12174827800763595 0.05836369926865146
3 0.3435178072485948 0.6180958405056487 0.09742953067313609 0.04934720941492117
3 0.3169120432845477 0.3537702877457051 0.0861380420114541 0.08586140787279355
2 0.5364303712205961 0.8209366481368562 0.1459761186744089 0.05956768912238175
2 0.2645013745624139 0.7631958806836905 0.12434656667727229 0.0802796095770768
2 0.12596668057768592 0.6531368624197459 0.08454827001113588 0.08349038433384308
2 0.16398484858373108 0.6079510474849379 0.09289657200827235 0.06254663879807013
2 0.8223989746180932 0.34338479789527016 0.11621644068268111 0.11997335511285004