2 0.42457179556830127 0.32473561640089127 0.10901423111680746 0.14988344606059653
2 0.6163642271600785 0.22710636765029113 0.1324174315917773 0.12130908278320493
2 0.5137969906162041 0.5079760141211618 0.1357537935321364 0.09588303029369402
2 0.6849659837187992 0.4895723240838499 0.13221935775648747 0.08783373195336797
2 0.5007182999793154 0.8622966612167324 0.15462662426483115 0.09964757033565022
4 0.25954442333963523 0.7797046910862191 0.1238712692218769 0.09187003651747147
4 0.26754943238474677 0.53716199357573 0.11359218848918218 0.08875669191141178
0 0.767640206356322 0.7978127218041203 0.17547471279944168 0.09655845913285113
0 0.12387799751360914 0.5098038203356503 0.1323222563315781 0.17888478444287886
3 0.7739166983272633 0.3637570305174086 0.06654677012638803 0.111648817636358
3 0.429171927862191 0.670983654368255 0.12807076831736558 0.06806568361304191