4 0.20596227365163408 0.6862822734984629 0.06606535178688597 0.08968254809323425
0 0.5178547785945499 0.6737029502623033 0.11094411167271759 0.13805804990733286
3 0.12902308886094255 0.7696552794889128 0.09937525889724856 0.045597731395678485
3 0.3481458205721538 0.8641493570710598 0.10836825692008212 0.03655011360966363
2 0.7173096560474173 0.8668701408211417 0.10507877224312132 0.1089881088003402
4 0.5312673852871707 0.9579880065287923 0.09321810079830276 0.08402398694241527
3 0.6596722054765761 0.6301489016209147 0.11584517589344294 0.04773315027015244
0 0.8450950523205462 0.572470354793625 0.20840009041817922 0.04082344055883844
2 0.899301096769608 0.7590006210356938 0.06529868923931588 0.1091592343909035
4 0.5277297746773983 0.2969494773041453 0.0818667653230392 0.07541171696770821
4 0.16036456665500215 0.4804935757680484 0.11965592539915137 0.04552580952597971
2 0.24104551676873293 0.3244916016287641 0.10619560326976067 0.09810517250267106
2 0.31795954935479664 0.5681448871081265 0.146154758402957 0.04489089246560418
3 0.5483075770351256 0.4447520602437699 0.10248301285158128 0.06442957694917481
0 0.1722039693539216 0.15153276206571756 0.09187311809850832 0.16781747177703163
0 0.4664951388215739 0.14850948810391845 0.07020636513275882 0.15301836179556508
3 0.7451865301146058 0.27872530007696883 0.11005809091247105 0.039729677311994484
0 0.7934065128144002 0.36255715225388707 0.16879376235728963 0.06440478429823618
4 0.8660322238025457 0.15463801404945213 0.1166900928896375 0.04932293212131791
2 0.8371008215979181 0.4806548770261435 0.14908875741437377 0.04031251987026589