2 0.30116565199943296 0.18405957598299624 0.04699902948891275 0.16232625961093844
2 0.7381175257758976 0.28992331015202144 0.047261924316769566 0.14752345318850324
2 0.6393005359426986 0.47493571799936607 0.06050596878180681 0.12482293758467122
2 0.40650044882672287 0.3727270075747735 0.06061509618646852 0.12794793758467105
2 0.44581094157032874 0.5469767350735364 0.09047372177703164 0.08974193068726599
0 0.5044344957388308 0.23541179330499373 0.06656748502387551 0.18674640547249544
0 0.29232132070427097 0.8183493668015991 0.11574902948891275 0.16592929443664736
4 0.5091789824071689 0.6598728827441157 0.06400299101432534 0.11330890547249553
4 0.16571670300307412 0.47672735357261614 0.06115080952597962 0.12095763116223601
3 0.8499701627143882 0.605726451829707 0.06848215988879928 0.12991987336031982
3 0.5684745929367896 0.8445621432595652 0.051966782484137754 0.12593505823145748