2 0.2710732090952776 0.08599894529759256 0.08881778369467579 0.05176304201145401
4 0.32010178020782315 0.4944381539624563 0.03817252620180529 0.11517101400381798
3 0.26318952445837895 0.335563140634956 0.054001869227314446 0.18013294267186347
3 0.6669385325168974 0.4184541725811857 0.06533034849212935 0.14904657467377244
0 0.1663219607922212 0.5423682186505462 0.1390904772385646 0.1179062100174992
2 0.4734647687089348 0.1735791192711847 0.07885560626782392 0.160910775342136
4 0.4676227462303233 0.36603024860759364 0.10690340235634252 0.08006985534690844
2 0.5459581085304153 0.7608336712683211 0.10785003916129607 0.13549315201304496
2 0.5015848090015267 0.61119729793923 0.08583833812453676 0.1336761133434088
2 0.37373250254541535 0.6783768019573656 0.12323173991523131 0.06152894068268111
0 0.8955267559857851 0.9037905938892777 0.12946190754013856 0.08813689401654443