0 0.4644195427412486 0.11312144939526987 0.12756981556176542 0.06627098468331742
0 0.8446840313426012 0.609299752108495 0.09185838112353081 0.13064202001113578
3 0.23793066556640988 0.2556703866963623 0.1475504288391571 0.04152552335295363
3 0.31215922572959065 0.14335274737427084 0.06341222717948317 0.04366873134149962
3 0.5863089659813283 0.2589435740769964 0.07624411390209147 0.0687960006763177
3 0.49356628154309395 0.32265099073040615 0.06116356556176541 0.06549827800763594
3 0.6248889817528752 0.41784640674726903 0.0666439709557057 0.05541475334181776
3 0.5319113442050744 0.5814629167329516 0.06437107593472771 0.04602157200827221
3 0.4151876307225457 0.6995305693825432 0.06362571473192843 0.06708805000795426
2 0.7123386697155947 0.2533850120941775 0.06783961805127632 0.060892594008590525
2 0.8399299508344814 0.19632758477876755 0.04606062904893875 0.13401192067154524
2 0.8518048340326049 0.3221361067790857 0.07362859937994451 0.09608520667568143
2 0.9788964398368194 0.29017867679817577 0.04220712032636129 0.10534202800763603
2 0.5721130595617028 0.7411651807367695 0.056430366601383855 0.15754941800604527
2 0.16327697552909798 0.4241834820178173 0.08583260145453693 0.09232440734404505