2 0.28189434265595503 0.0640846749215149 0.1156346380092268 0.07398745590203677
2 0.4594824459739103 0.16798984565915834 0.044223809357089826 0.17721095318850333
2 0.30367350990614067 0.6750697625516145 0.10601419000636332 0.05240238297125828
2 0.4658366078930959 0.7626063048405554 0.0644993993475449 0.10800392978275504
4 0.4346898892823205 0.35277095940853975 0.08809998400699967 0.056148180687266167
4 0.26908197593095773 0.4941816106971637 0.028625534014953845 0.11158927521477065
3 0.6292569546069573 0.40659756501732075 0.04358746268299925 0.12252345318850325
0 0.800228694541733 0.8778130664876589 0.12206645134468133 0.08994000452255549
0 0.1053825552594125 0.5386763184082227 0.1083312153484993 0.11732802012638785
3 0.23572567795195676 0.34133657168758313 0.027853922024180734 0.17947613805964088
2 0.43800360391473114 0.6047871607880208 0.058431212682999244 0.12330138116223602