2 0.1746924320364999 0.21545281842154235 0.06958086841898706 0.1151907424781526
2 0.6606224975529292 0.1850154414745735 0.15459821996293321 0.046642982449022784
2 0.9185515263240518 0.48031253576036337 0.05536460099579195 0.13272758346523722
2 0.7684200954686783 0.34534283920471787 0.14326141587924912 0.057239501649352674
2 0.16009664166299595 0.6334215684215424 0.14503224700477507 0.04090144780928675
4 0.3561755889300743 0.05728628041659398 0.13010665145127884 0.038125788796371206
4 0.5101140329474738 0.4191594577719095 0.11909722958158006 0.0580973079967011
4 0.6672221501005164 0.555896242807357 0.0436260036281972 0.08711956677218957
4 0.8199006836809624 0.8418745098961159 0.1054985210513923 0.07096938103709682
4 0.47806286934565934 0.9543771647199755 0.07434029028868601 0.09124567056004906
0 0.120875428956457 0.5024610734361072 0.11916420616793504 0.14941262978345585
0 0.37189723721649226 0.6372382048689156 0.17150546696770821 0.08381637351524951
0 0.33126725881603863 0.770567530416594 0.18055308475372306 0.0747141581549858
0 0.5885886854950609 0.7921316080093364 0.20425347958158008 0.06057510180763721
0 0.7812424330479903 0.963530549550417 0.16317461179556503 0.06874530298213628
3 0.3560565047245054 0.32943406505633005 0.11553571996293313 0.04550637978345575
3 0.8553273623437192 0.16330924069578595 0.050538202539738106 0.06156563730530311
3 0.7984051735141614 0.6512124059769075 0.10118304328391084 0.05913697077054021
3 0.08372757070427098 0.8048131836235217 0.034687513246843917 0.09934678213245363
3 0.2951982948435553 0.885260516230829 0.08739336179556503 0.06654029381093593