0 0.19268947523993837 0.526435782528165 0.1048023226454459 0.099094381037097
0 0.5773433445595432 0.3299211130239013 0.1172886858759707 0.09867684389007839
4 0.4834002499967047 0.49507108841329506 0.06956425202859488 0.09338393863808658
4 0.6385865819776415 0.4386799990755632 0.09594947402541773 0.08400057845067224
3 0.6543497240221224 0.5812539439818559 0.08460287094116267 0.0602448297043134
3 0.38497461241645065 0.35868129585600017 0.11688353693163096 0.030730825943389738
2 0.4949531789728166 0.6648523909997198 0.17506422970746058 0.05350674788842902
2 0.33884172645775434 0.48930315855069706 0.09546823295387145 0.10116534639736088
2 0.34456207223840885 0.28020094319043315 0.1374005884737585 0.043040609329484614
2 0.469016601459402 0.25258807172024766 0.09687104586008459 0.04732729255729486
2 0.19811554058178366 0.3899443530612784 0.12957049756436803 0.08654055674305985