2 0.34310918588719036 0.6819775861071973 0.09644563206674714 0.08823555103961844
2 0.4394142978275495 0.6635962842423863 0.07905009215265543 0.09781146058274359
3 0.24074442446722966 0.5847338879720082 0.07819027702379291 0.0814052105827436
2 0.5157444244672297 0.6055721419207004 0.09188096279944169 0.09022410352912935
0 0.6490925130018403 0.611007770969639 0.09894983435073926 0.10632270020978148
2 0.23453428878243798 0.4068456863123343 0.09981961555840364 0.07837529896502601
3 0.3532024016273082 0.41428152324472406 0.1069360747398008 0.06568604481584117
3 0.5014894154221181 0.3632662427505374 0.13116146879233562 0.037952131123531
2 0.7043587878779268 0.41832428611648603 0.11836489767057934 0.07588983900698221
3 0.6305041287873868 0.256320270969639 0.056189124264831136 0.09218842261537982
3 0.832753782789544 0.5074245201444464 0.04175813206674732 0.08409158008391256
0 0.7623471867917015 0.7378681141258061 0.1324616971956095 0.10730578236828645
3 0.5761031495911433 0.8070171653659172 0.10903748530067894 0.046391593156167234
2 0.458080167908509 0.8564349796782829 0.12186171189493056 0.0683733369323896
3 0.7234904839418825 0.9170102398507524 0.036780704997525684 0.09305218298834177