0 0.27459339329940896 0.18043138839103298 0.1907919739451521 0.05719271144351597
0 0.803773740899263 0.49723051947516994 0.1589812018192454 0.09488758035608366
4 0.5646662373846063 0.3580105121715693 0.10994223428423418 0.06436823741809831
4 0.7956124462331651 0.7242469870077659 0.0864319596771285 0.062396634333843085
2 0.2846192882514478 0.6973734265404798 0.1634674946233165 0.07388928774240995
2 0.5847969166636606 0.6393832430968459 0.09119438833701032 0.09760743141174384
2 0.7684463246453779 0.6605429971540356 0.07383991439185814 0.043442082791715644
2 0.7426349179065148 0.1901623133066598 0.12907537799792798 0.08968188311602718
2 0.5872004011572918 0.1546633697200513 0.07458908519385705 0.10980742248329016
3 0.2838892723307943 0.36325752516050813 0.19100814371369373 0.028313734982466345
3 0.36624381575403775 0.5895121079522238 0.05211477171162171 0.11331820616851011