4 0.23359375 0.6876432159310616 0.0625 0.09004667984777566
0 0.54453125 0.6768754481737455 0.10546875 0.13867252224312132
3 0.16015625 0.7705883671099251 0.09765625 0.046166687262149605
3 0.3828125 0.866379664067626 0.10703125 0.037173689239315875
2 0.7515625 0.8712488251695024 0.10078125 0.10957527125453836
4 0.56953125 0.9595162219861335 0.08984375 0.08096755602773306
3 0.684375 0.6341361443331435 0.1140625 0.04839769072219049
0 0.8671875 0.5775226828878873 0.20703125 0.04202962699575678
2 0.92890625 0.7644125292375656 0.0609375 0.10951426285158128
4 0.5390625 0.30009011368706506 0.07890625 0.0758714333078168
4 0.1796875 0.48154045456235506 0.11796875 0.0462131082126767
2 0.25390625 0.3259708868815886 0.10234375 0.09870143825073266
2 0.340625 0.5701294051703772 0.14453125 0.045732947147981304
3 0.565625 0.44804745262236967 0.1 0.06501218775644091
0 0.178125 0.15257053756616062 0.08515625 0.16831360129259437
0 0.471875 0.15125868285070623 0.0640625 0.15339159684397002
3 0.75546875 0.2831267426599883 0.10859375 0.04036235623551025
0 0.80703125 0.3672590035344032 0.16640625 0.0653742850947027
4 0.87109375 0.15971310037837325 0.11484375 0.04999202422028777
2 0.85546875 0.48563893041642936 0.14765625 0.04117278114037006