4 0.22695635415382925 0.1779869979710468 0.1056598493799445 0.09645792401336299
4 0.8139398263589349 0.4119939925605049 0.10801525477388481 0.08633803668045381
0 0.7021106421211931 0.195134303906777 0.15254742738926447 0.1383732513526355
0 0.42334459545447417 0.757464317950366 0.06134300954776961 0.17087612133990876
2 0.45309372427969813 0.23165524860759362 0.1318079522843739 0.0912982566836356
2 0.6466394628810507 0.7220246152530491 0.0413740516643184 0.1854744233370454
2 0.8038823552027365 0.6404371658975501 0.13248245850815116 0.07959768801718106
2 0.25621352719341633 0.6053671106381376 0.07398471950581334 0.15228975334181777
3 0.502365554163118 0.5516768472708666 0.10900906971095044 0.058249399347544896
3 0.5251448164101801 0.8110154846037755 0.06961560560372178 0.08433009400859034
2 0.20687176494635434 0.34633755597550114 0.06993675954776961 0.1709761186744087