4 0.3877335179875681 0.5271135084860111 0.07553515508623328 0.129310770979043
2 0.25343990880577766 0.6622328761688456 0.09750435442427943 0.18176815046753808
2 0.6728619968951189 0.6623298875817228 0.08476675992479735 0.15982497277444097
3 0.707772151981352 0.7914043092246958 0.07987805272886846 0.13870849687674217
3 0.41985262096410547 0.7639549783335859 0.10821922249741008 0.10997496369925486
2 0.6691953796505579 0.43268329419758117 0.0821875694780914 0.17152554205628193
0 0.17877577915521986 0.23300846360105892 0.07697568465573781 0.21054713544042353
2 0.34194571319178513 0.19802999648395858 0.0856400552100677 0.1785749727744411
0 0.5078083076912672 0.22086402936685828 0.08209983229837299 0.21994940651766245
2 0.6671276497095497 0.20382704117251907 0.07037892824559719 0.18629656918364484
4 0.799490693547078 0.27879574579658756 0.10716614474715094 0.12090337334017516