2 0.4228712686982002 0.25807688359910874 0.10984397881213823 0.14988344606059653
2 0.6153156449077374 0.13226863234970893 0.13306937620953718 0.12130908278320493
2 0.5110706767601172 0.42639898587883823 0.1362552893919517 0.09588303029369402
2 0.6824220319935541 0.38230267591615014 0.1326752630835923 0.08783373195336797
2 0.4959267349914433 0.7798908387832677 0.15514179728445948 0.09964757033565022
4 0.25512670071998916 0.7343578089137809 0.12435452886860805 0.0918700365174713
4 0.26454501627912574 0.49252550642427 0.11406177097610026 0.08875669191141178
0 0.7633410191217231 0.6756247781958796 0.17596253149944374 0.09655845913285113
0 0.12096932152668013 0.4870711796643497 0.13331157089139561 0.17888478444287886
3 0.7721432266048254 0.24405546948259138 0.06717136042452161 0.11164881763635792
3 0.4254608584995575 0.600891345631745 0.1284126973126943 0.06806568361304191