2 0.2050356954583173 0.7556938272995015 0.09149579721387227 0.16345452001113578
2 0.3841169797297715 0.8176291112746845 0.09399917093374785 0.12600906401177206
2 0.5729141692205453 0.833388829248913 0.09453749722798968 0.14865622334499945
2 0.7036243848785039 0.6936803445655956 0.06230112087727822 0.1849749840069997
3 0.7705443872975783 0.4696155885582777 0.07827618942018652 0.05712270401018138
0 0.16685721615206883 0.37905005864100116 0.14298270250377904 0.135947685351681
3 0.546156121230214 0.1802371045910489 0.08471590521931952 0.04704827001113587
0 0.3279319530684764 0.4552478372851841 0.10250889192396562 0.1916886080124085
4 0.4648558294191879 0.4903484485996394 0.09357496572854576 0.06510792667886314
4 0.6215138950489117 0.3206706532463676 0.10791048151356133 0.06995905868077212
2 0.39590289014017566 0.6956995672740481 0.04294490514873246 0.12073067067154533