2 0.5725570881245368 0.14913411427754253 0.19059489717254613 0.07645851458147637
2 0.36745877648462927 0.20083169193679193 0.20601484561740727 0.07456940564770313
2 0.4464606457119437 0.38236048825501057 0.22091738421305554 0.057859278767241305
2 0.23795366154615652 0.4752597274344579 0.19654210080120355 0.08208638895465584
2 0.5891899901515725 0.8291338513454187 0.206688788878472 0.06445861975432585
4 0.8392693196519432 0.7304308930447838 0.15950072205476823 0.11295830423577743
4 0.7648292283698603 0.44071752368616934 0.11398317049962933 0.10929609514371955
0 0.7618717407637032 0.30893632627259415 0.1755159927899534 0.14459474914207018
0 0.271271175354119 0.7224757082341279 0.11619907285597186 0.18806595282385175
3 0.5021617159760174 0.5647698229738889 0.07455908553263875 0.1307475463182186
3 0.23821891875620307 0.33577969028743926 0.18453082488222217 0.042773836368231066