2 0.24896634890464334 0.07762107940652799 0.10517088479802066 0.07271276101791675
0 0.09456262305303115 0.48624793094579866 0.06403507092882481 0.16153821846486113
2 0.1046125391255756 0.7511462323325695 0.07116560932948461 0.13828255642076392
2 0.502427913498755 0.7658705342880212 0.04454928503544746 0.16264612357510408
4 0.4736447178010394 0.4474471893982643 0.050125683623521766 0.11280977773541671
4 0.33017351411925794 0.5073462534184725 0.0675034002374268 0.09291550503399311
3 0.17636288935036717 0.3460606484607293 0.056094538796371204 0.1301245643045487
2 0.3549448789255259 0.2854173552420836 0.06500653754272996 0.1412620860560417
3 0.5492200646606186 0.2274814879352435 0.10061977711788864 0.07729115824437507
0 0.7843622236070271 0.7154400020872924 0.14356579506457728 0.07751001700184049
2 0.3359738508832004 0.8408490844405211 0.09152357343610724 0.14031783510611112