4 0.13106745703369055 0.28331838022461797 0.08023413387576941 0.13139677678548622
4 0.3609862511316538 0.3926706239563539 0.06588170680654795 0.1404262846692709
2 0.6325259791962434 0.5416295751350342 0.04436855495209713 0.17659952080156244
2 0.5115384497976013 0.46797648242947876 0.11950799581612852 0.10656108415618064
2 0.5215120725920942 0.2032236514074301 0.08796806874690688 0.11519054853697926
2 0.3683185577812315 0.8185421397239233 0.06476294210722688 0.17863479948690966
2 0.2564437567858633 0.6752305104492359 0.05436435266810502 0.1588853439398264
3 0.1813729149718922 0.5443273089862151 0.06855632745333429 0.13190526985163195
3 0.6089269476498946 0.7388136996600689 0.10717841417892267 0.0797440110179167
0 0.6690654240170038 0.29108406126732583 0.15269231004047973 0.0995304873665626
0 0.2764319459524141 0.14494359840513865 0.09244752883281535 0.12621896751493064