2 0.5105254067280599 0.7337016794003797 0.05180243664223276 0.1387275308788123
2 0.7005005606830027 0.6519074247815261 0.0995079631253363 0.10736988229073816
2 0.7786969804773873 0.5325556826990849 0.05932535953871039 0.1459633693586145
2 0.38131497402109954 0.19041702916295272 0.05961493664223268 0.1389548514119258
2 0.14083671153585237 0.4196569336235217 0.0901058299535138 0.05096075791755883
2 0.4894499021133575 0.16471599867985176 0.04156442314857926 0.08151442445232164
3 0.46711462429287154 0.5811844331613033 0.1695037528499915 0.06028794530200425
3 0.24723880288933256 0.6925154235943919 0.167072521539425 0.08126803503544747
3 0.34189111314500675 0.42940532132453624 0.16566855866619026 0.050040767088759
3 0.6387332621562709 0.459873037476223 0.038116631078135656 0.22175297954602885
3 0.7636193756302538 0.2054392532321983 0.03331451659574647 0.1865285333860948
3 0.5274633543429303 0.19544917313217341 0.031348188988021164 0.04691210391920828
3 0.22816247687109112 0.24131663644737328 0.08939563576971254 0.04080450791755883
0 0.8308925370498909 0.7438030712580292 0.09855175050420328 0.14944372202418138
0 0.8047139052154506 0.30253321357789725 0.0510429659753278 0.16131558471887839