2 0.6691012649145481 0.6385670711414936 0.09460725123427097 0.1732030702884723
2 0.7929109325613194 0.188859971502084 0.05154823546670144 0.20187227773541672
2 0.4879675530022915 0.25992965881305596 0.07912772159899326 0.1790893943766667
2 0.36398323271381916 0.34771798670097254 0.049240199847500145 0.16980466014423615
2 0.607537783435 0.12670154435600747 0.05765276510197932 0.19576774810013892
4 0.46232589447357597 0.5555869977188893 0.0732400910900349 0.12741779160312508
4 0.7874648327344784 0.8930207946403479 0.11660757817225686 0.07845426795177098
0 0.1360920092149649 0.46669980357097235 0.07894653685347239 0.20485246058107637
0 0.2554355423656244 0.7798018284565974 0.05919773451677104 0.22859843189572918
3 0.5621933822213881 0.8322787439191671 0.05623442904593752 0.13483024810013902
3 0.8571669222089927 0.5178766306963896 0.06352221181534716 0.24665810087368065