2 0.22272807251836949 0.7672966605217715 0.08770587504240908 0.16536459437236992
2 0.40330346072280443 0.8377431136944816 0.09108384618646852 0.12802828547936257
2 0.5925197281459995 0.8623413535276807 0.09109376987026589 0.1506572536281972
2 0.7200048658022803 0.7283433541606528 0.05800101687504089 0.18617560217691836
3 0.7817137252355927 0.5067883018910673 0.07696429328391083 0.05886905771188111
0 0.17574895663127119 0.38785220798203357 0.13984872840045356 0.13909476025161904
3 0.5505108875714628 0.20617070988095013 0.08364087921876014 0.04895834437236992
0 0.33864577151472836 0.47176096042910426 0.0980630216843645 0.19381697658635505
4 0.4764260245099533 0.5133358799365505 0.09208086179556503 0.06719991288402412
4 0.6291666225105204 0.3504961179556509 0.10630705290255768 0.07237848620500191
2 0.41224692950461117 0.7160318048014742 0.04013890507947586 0.12156746515360979