0 0.6633729861201839 0.1741663035472848 0.1264831436467304 0.07352997117110793
0 0.4290277240544663 0.36824335752189813 0.11875248920022692 0.07532741795279918
2 0.6534994120814159 0.6354480109726379 0.07909227767481433 0.12243201089576328
2 0.5372146692529922 0.7963305166726211 0.09587054990733286 0.11191512797604233
2 0.4301710394860777 0.647947283016266 0.06283979509800944 0.10337065445914603
2 0.473754925413078 0.22561346110852387 0.08563245435383635 0.10886118379224108
3 0.5237771957466799 0.6008759050402237 0.028494566149401556 0.16877177933309503
3 0.311086222788522 0.6212041025782196 0.1168626069862416 0.06584315730913737
4 0.33661948004491615 0.4479633445324479 0.04597967731199448 0.1115437873788668
4 0.379325368334169 0.1846767406937206 0.07196925843752053 0.09699496832111634
2 0.17520331960796262 0.3836544621169301 0.05740825063297219 0.12637111188449895