4 0.21714894796309264 0.260328911126705 0.03403064934754472 0.10640713025772479
2 0.36556826662954717 0.25411213138937855 0.06387269068268112 0.12124423620519006
2 0.709017179941139 0.39617132010570344 0.07244825934913557 0.12013211555840372
2 0.487929236553187 0.8098564410911739 0.051463597350408286 0.1284016389641522
2 0.3201241185550961 0.8045968102676223 0.05754087468172653 0.11388543758467122
2 0.4942910612667303 0.46442111035847944 0.07441020134468132 0.08744244629109836
0 0.15720868459582144 0.5133177922889409 0.10490622334499947 0.09138299581612852
0 0.3305921879376393 0.4417692616471033 0.05427097135581711 0.16836821969684657
3 0.5467893526018667 0.4483966406616327 0.015780636020044626 0.1483932343961678
3 0.1711235445576414 0.7936670335825136 0.09974600867281787 0.05051233435073925
4 0.817589464552869 0.7949220013587964 0.07513690734404506 0.08279588986866333