2 0.16610656161307327 0.1974273850134079 0.07420893983681923 0.11787019703379284
2 0.6538559379627195 0.11902533547827002 0.15632177759440163 0.05289504307885005
2 0.9000392406527229 0.3877871350902825 0.06072678029369385 0.13480097091900642
2 0.7552380713613356 0.2681351888127942 0.14543182178554287 0.06301308825138703
2 0.13443478359446437 0.6153961350134078 0.14653238049883105 0.04677072921687966
4 0.3542605248951093 0.02185431260146268 0.1315110317435865 0.04338900310209314
4 0.4936125645128583 0.36724930405148787 0.12133147095570589 0.06288204827463009
4 0.6453265846340828 0.4879720774324984 0.047136954358966324 0.088778276735205
4 0.7865147340047385 0.7578589704916779 0.10827536390209147 0.07517995248167449
4 0.43960199997677807 0.9056780195226125 0.07813850062469996 0.0979401092866091
0 0.10051191471799537 0.4887679330359364 0.12513282241024273 0.15406977698730664
0 0.34633113234970886 0.5982475677972428 0.1747291580932327 0.09070639951546741
0 0.3002113037156889 0.7351355626014626 0.1833937630722545 0.08198696337743776
0 0.5569582111842216 0.7311700563972764 0.20648772095570572 0.06883675335419462
0 0.742845399146941 0.8829189546522361 0.16579186597668388 0.07531634629715853
3 0.3430340692867431 0.29307374873949227 0.11725927759440165 0.05016352698730664
3 0.8496779234405725 0.07813326566421487 0.05299586805127632 0.06354332995351378
3 0.7727752331795459 0.5699819120775891 0.10348112012586874 0.06318805087252014
3 0.050979975706368696 0.7937503639781859 0.03870914772027052 0.10062271287323483
3 0.25941851512362507 0.8530004057965282 0.09001061597668399 0.07001720507956435