3 0.2848032886384363 0.32406405151347284 0.05583690954272456 0.06683584901255095
2 0.25205494203284073 0.47152933683093323 0.12843407220870695 0.061335623071244426
0 0.37629745969223405 0.7363254171834616 0.1279209878015557 0.10737930829641976
3 0.39721290592848724 0.43565478871354646 0.04020281918364495 0.06427205351605778
2 0.5445363160603869 0.10031116672203626 0.0841300811856975 0.09754443090623868
2 0.6700843420093996 0.8581761266242139 0.11297269867214013 0.08845932757475125
3 0.6895857165279251 0.18011168337947406 0.039480656517662284 0.07437823874123306
3 0.7962765989432865 0.2490841240033202 0.04568520472226432 0.06696625693983034
3 0.63621177341493 0.4093974676172003 0.0636266836450254 0.06343024676079753
3 0.5501248033709634 0.5235484076227376 0.07141645774732641 0.06002464450904412
3 0.6914219690620079 0.495736683379474 0.060501683645025395 0.06322998766149883
2 0.6349957488216497 0.737722726716499 0.11227326190385671 0.1024717627999264
2 0.751370182564871 0.7247943252676246 0.1299783914905479 0.05831075262089378
0 0.8400453005422929 0.3838305613879639 0.07177552693097126 0.12174339450904412
2 0.6952923785065366 0.6236614242801755 0.08649201190385672 0.10081962523071261