0 0.6544082369869948 0.16006172609004132 0.049429394554801574 0.19185169267186342
0 0.564416942686307 0.6179191320814509 0.1656921604104042 0.1237204053548627
2 0.7164021898437095 0.39766227076699534 0.08596613403145774 0.18915395401018137
2 0.17419230304024153 0.43200562002704423 0.08058838929312966 0.19065281934277234
2 0.32799432429869035 0.6503481820496341 0.1377568762095372 0.11324598201781733
2 0.4238242218372637 0.8304907627307243 0.15523280254613123 0.09158915802036276
2 0.7281161506635193 0.7066014661043589 0.07737238403145774 0.18905395667568142
3 0.3629796001835266 0.19732317938413405 0.08335009727034208 0.10402497601049951
3 0.41450648990017935 0.4535646360598154 0.14823237364928837 0.038418704686499085
4 0.6723079534919993 0.9131236387650864 0.11091365514873246 0.12152155868077194
4 0.20843371124333282 0.7568425353675894 0.11783151308359248 0.07944314668204484