2 0.16865706750371157 0.1472020743355486 0.11507612336031983 0.0712217627999265
2 0.609154835482393 0.3423955698597284 0.13580470318850324 0.05074857649501698
2 0.22847696630594466 0.48653348704319 0.15549972749876284 0.05512519586563336
2 0.23815078019161168 0.7207478007382806 0.1740073880596409 0.03684556523624991
2 0.27613770183376624 0.8783891224529355 0.09866655133405242 0.0849640877537837
0 0.8623683666900576 0.3868416864525678 0.17161937245580888 0.05070780613695138
0 0.17466364880223312 0.3466909346068665 0.09187431874690696 0.1187883752307127
0 0.08728656377412532 0.8921548264950168 0.10658859396167766 0.14698322640273176
0 0.4780753380843848 0.9140622139073471 0.12703056874690688 0.12104129009782269
0 0.4630124185899368 0.4835341047157636 0.18539194538658724 0.060933907308970706
4 0.43965232021724504 0.09166797732558254 0.10763211555840364 0.07775236505167986
4 0.8345210849165661 0.1553821329365101 0.10372254353213606 0.09229572640273184
4 0.4995253714397558 0.6693004264304185 0.11840584124814413 0.07532827189922511
4 0.8898350316619498 0.9396651002399434 0.11392970318850323 0.04934676279992658
4 0.15497751130841908 0.5727527868586199 0.12651159034363307 0.05171029919712104
3 0.3714202193581624 0.1970377953396097 0.16158927521477065 0.037607028839055444
3 0.4299619804394389 0.3363994864248812 0.08106961555840364 0.07605016270764135
3 0.7220189263918529 0.5071868599575508 0.07580890547249552 0.06481227405869347
3 0.797972837518558 0.7331066147379128 0.11343838025772471 0.039971762799926404
3 0.6363635459069855 0.10740930058139701 0.12210737336031982 0.0716723457733484