2 0.4218298735357157 0.17133972911694778 0.061184192205065456 0.1237136358558109
2 0.5830737100367436 0.574764327959656 0.14333084733826168 0.07295596463952717
2 0.6395876482874762 0.6746701286216098 0.11471109882113631 0.07864088440806878
2 0.24548884391540157 0.4347237946660978 0.14932617935348408 0.06699706306795061
2 0.42624675399151374 0.3949955529382653 0.09226043726214943 0.10176801530148101
0 0.850992086006736 0.36895085980547215 0.0738261136498842 0.1469156954091048
0 0.2359970746752107 0.7396488891655798 0.07134044220506527 0.12418667080199874
3 0.3095606141813566 0.5280157222925222 0.071982429353484 0.06339472001621065
3 0.26097989825029516 0.2962413374701686 0.10819184338392898 0.052604923283198345
4 0.6450166586304185 0.32766669603278653 0.09899059832684465 0.07556938833701024
4 0.7143330499234504 0.20389740219525834 0.05841201927737192 0.09395336124870504