2 0.2817335996158872 0.12300777659070791 0.15541784034363298 0.05266851564384121
2 0.177451134102912 0.28485460018352665 0.11712330223856364 0.10963187620953718
2 0.36189805517923973 0.2281587371987562 0.07760710085908258 0.11356124203690507
2 0.49659728177349133 0.19928403732581312 0.14884029172311414 0.04605449459715381
2 0.5281759938955645 0.5627326163214781 0.1880223004295413 0.06547162350811409
3 0.32000828980255014 0.6410605556004902 0.15706222749876275 0.05432202090551304
3 0.10731461725588436 0.5233780448653851 0.11474193068726608 0.09391587094786544
4 0.3727426226829513 0.36304967668953 0.1092322371097012 0.09281610253201392
4 0.6756761929001963 0.4084938954018475 0.09253938206674714 0.08639179728445949
0 0.6666774084131715 0.2532449532802379 0.11255531094499087 0.12650085779368575
0 0.6024157553155252 0.46883913217708073 0.1611665513340526 0.08805227879802083