3 0.739099672417853 0.27925105333792544 0.03662452467958914 0.15627423340326044
3 0.847227141747814 0.3681261444195002 0.07297868693064125 0.126303313487173
3 0.6678421981937508 0.5252963365314045 0.10281003067003916 0.0880462968904336
3 0.5641492246026205 0.6459029892260524 0.08031747177703163 0.09101700892306966
3 0.729330280500403 0.62630365209317 0.0858135036281972 0.09221265601864026
3 0.292991020333602 0.4028937373519527 0.10783483656782167 0.12037354481584117
3 0.416778205998299 0.5368212193053207 0.047343769870265895 0.15085302759440164
0 0.38450882070427095 0.8328198809230383 0.15154763103285873 0.10031042116548719
0 0.8727752348542396 0.5337753778227606 0.07276043212131782 0.12005331348717299
2 0.5785466075343958 0.18875334005588945 0.08753969473518967 0.09701855518880328
2 0.2584473508261559 0.5397066531188552 0.13375000662342193 0.05922347987877554
2 0.6806967960246817 0.9841885983484537 0.10027530771188112 0.03162280330309244
2 0.6518773699786315 0.870312838605997 0.11016866288402412 0.09795409315616724
2 0.7861432425739698 0.8836201672400168 0.13760169292109126 0.05795697780418294
2 0.7339582383976186 0.7629515471141481 0.10638146397248338 0.12338014564567815