2 0.5303190084770554 0.1997042024946472 0.05357241790651486 0.1786622090920577
2 0.6976007078151015 0.24725148924595436 0.04690504094204399 0.18627012061225567
4 0.5717232202210984 0.4504028844688162 0.03810792969333896 0.131400764185765
2 0.43230750165262977 0.32929006558505547 0.07929800992479734 0.16146634890464337
3 0.42767146732561434 0.5656822066512823 0.061033853390822124 0.08759693989172793
2 0.8001093935042967 0.5501515172217728 0.06652618217453857 0.17201740399835047
2 0.610832877788531 0.6182436023363627 0.07642772104966795 0.16684417069139812
0 0.13073865529112103 0.5226896907496578 0.06694571319178513 0.1977759219450391
3 0.5361005132300571 0.8277299140939874 0.04813574710451576 0.11218776293212365
0 0.2631873980524107 0.7965554365930225 0.061222252066914604 0.19214804757185994
4 0.7396643149254682 0.8648337943396616 0.09889557237357564 0.06295229255729495