2 0.3180359145175027 0.21951580537872517 0.058821660792525064 0.16850509933959062
2 0.5429408261352203 0.24402709874281467 0.12968842261537983 0.05302609735040829
2 0.4524915796597053 0.3438447380649061 0.13166531971095044 0.058513028683953736
2 0.21714238504900124 0.5397186700349984 0.0738663203356503 0.15072725334181775
2 0.8692171383729935 0.3651144947883126 0.07151091494170991 0.16084714067472686
4 0.4059680867086752 0.5450436113939972 0.056453677389264635 0.13725509933959062
4 0.1214584190676729 0.7911715346912717 0.11092676722143943 0.06295508068109008
0 0.6992104464615819 0.472607726766359 0.06741541079252507 0.16860509667409057
0 0.1291599008205482 0.3799613146880899 0.07410311867597637 0.15385225334181776
3 0.656698102056015 0.7653401194302683 0.08012797572959052 0.14065281934277216
3 0.21148253566905678 0.6350493513685438 0.13089572510489073 0.04835677868395383