3 0.251276989759005 0.30781982633910115 0.0698791314712091 0.11512254631821861
3 0.4999335686134955 0.21723324491892804 0.07446792093374785 0.12695495658477524
2 0.5962717003670532 0.40394128622258174 0.09810284200867017 0.10424488229073817
2 0.2891732899566491 0.517087177751027 0.07896570513461487 0.137224866851332
2 0.845057810862162 0.37831211506896534 0.09840594987294296 0.13623066818411553
2 0.33677008482203413 0.6538574035361322 0.08705892619541977 0.1288811694377568
2 0.5100053745669216 0.9383645455592167 0.07731219987294295 0.12327090888156675
4 0.6741335769295264 0.6660214005666312 0.04215594987294313 0.13459396034569907
4 0.14625847688717403 0.606055086368231 0.09029804728445949 0.09075904381093611
0 0.4633689241292812 0.48224447947952187 0.06478908404557515 0.17502874373179383
0 0.37713123236060736 0.8342412370013692 0.07668213929312966 0.19175324247815267