2 0.1982319586124969 0.7645558844101308 0.06258954721387236 0.1646646778706092
2 0.22084822418575095 0.537594136387297 0.07499854195220043 0.16361151384016442
2 0.5129454479479788 0.6317221156642314 0.09086646565795853 0.14165560079830275
2 0.6263877797156541 0.8352529753597826 0.09577377353634908 0.15900226828878877
2 0.44843343984370954 0.408258099352609 0.10881282885449046 0.10185827174882985
3 0.6226059581889739 0.33547846843970053 0.06055661035393456 0.18328734387822046
3 0.19101359492185482 0.2027761260071737 0.05467063140062187 0.18928267589344294
0 0.38512574288395107 0.8363857579458465 0.13968339725622467 0.12338044467652338
4 0.8079610873116957 0.5278436764620966 0.09564497091963062 0.14340910178688587
4 0.4054779133235888 0.19115417098770812 0.046835744597153804 0.1484348414067626
0 0.31668988715640395 0.34415715418179416 0.13568614199455276 0.12165877718603735