2 0.3336751408182096 0.1416513064100962 0.05741870181924558 0.09311480032431159
2 0.7462779563673595 0.3354202662287591 0.05231382485477489 0.10083184293798535
2 0.29564440963434724 0.3642433267026357 0.11659249462331651 0.07307108157389966
2 0.7673140101296851 0.5691912942319363 0.12674659057054072 0.03968188311602709
2 0.10173389784752292 0.407695497564368 0.0662671629441161 0.09873355478853849
2 0.38689864826180764 0.2620143993480816 0.09853385339082213 0.08758754910649555
3 0.5727334485094767 0.363615629866321 0.04606382485477489 0.10072274878218401
3 0.3420378742738744 0.5055638019458694 0.07427871608726928 0.08638355925276535
3 0.4839043507002258 0.6017138733734992 0.17638271753501122 0.03274213636243815
3 0.5551886534290942 0.7411269752399383 0.04428515508623328 0.12957445170428325
3 0.752444643090012 0.7359833279171564 0.05502144789030403 0.10868525324641087
3 0.1749938852321291 0.7571284817360555 0.0529859129441161 0.09850172970746059
3 0.40433678287476427 0.7704990551922802 0.08092897642635144 0.0950864034085667
0 0.6824808219592907 0.22267875851812136 0.10026117328319835 0.10791368587597079
0 0.16962352687890822 0.591544392044481 0.07513489474715103 0.12152617248329012