0 0.2307210754784566 0.5909131903539462 0.0833155758882322 0.19747204506457727
2 0.42952891067231375 0.4766818911327338 0.0550428726212445 0.1599804052519918
2 0.33693480397172265 0.30383307600989673 0.09748508374611511 0.16667668613080416
4 0.5632981350317505 0.5695333176966265 0.06588832733597413 0.1415713860516618
3 0.7288139731210918 0.5670578723946222 0.046755183622280504 0.11604854882550093
2 0.12954387324492628 0.5353428034443546 0.05569784408519727 0.1740429052519918
2 0.6136107739879333 0.22634560735092757 0.04717686869230313 0.17535535266556704
3 0.22058636600621595 0.2557258481132205 0.060473081264915685 0.12580999373179386
0 0.2828164607150949 0.7789838401956617 0.07617516397757332 0.1949237065847754
2 0.5106802874318966 0.8784596883088822 0.1101841368892682 0.15456313103709682
4 0.608120367663355 0.8467573957515873 0.05689431699689216 0.13272758346523722