0 0.2697658968722146 0.29027859848423343 0.1763866552519918 0.05682761137453216
0 0.6836632608205526 0.25268558174874745 0.16630461309040837 0.11246345771105908
2 0.5140220137235465 0.37406485752934493 0.1289720976510022 0.08944535956550989
2 0.2059176602000497 0.48194712008095947 0.13474472453146397 0.07336665818602892
2 0.7350799744649569 0.5720840349372507 0.13389527837152998 0.07098196460846395
2 0.5808735107540457 0.7145537386915809 0.0936567232778227 0.08213414857509065
2 0.5177764656894683 0.6371413896415206 0.047691005410276335 0.11092753392119796
3 0.3890437119285446 0.6631572557657511 0.05320521951689905 0.1127766389641522
3 0.5982044486007094 0.479104239596092 0.12123615399835046 0.0648581173674259
4 0.18971966184940234 0.6222888370642726 0.06906590023742684 0.09488645409301455
4 0.7623819235278848 0.706124842264197 0.10105168613080409 0.09500264077317447