0 0.47391720550783123 0.48801199631682923 0.19478578005422928 0.057352950135885906
2 0.24177687119887584 0.4905367907330616 0.14863294272021177 0.04397351114786474
4 0.18190644662903668 0.5715411362739156 0.1119414637974506 0.0460933860218141
4 0.522117835290914 0.6664537065921738 0.10429713544042371 0.07445333280350538
3 0.7504297085328934 0.5159448802449563 0.08560622277444115 0.08329845507956453
3 0.8124473986208265 0.7375574363132567 0.10879373789975162 0.04196861473449047
2 0.6310353347999348 0.34971931068300266 0.13937157220870694 0.0628491972858944
2 0.25291786251647297 0.7250046258823554 0.1493914668225127 0.040121891469695824
0 0.13235031158139657 0.8947711866422328 0.10392949677854615 0.14549245248167467
2 0.32007757055838704 0.8688199638816408 0.09039371672431687 0.10081373701054978
0 0.5410349651721927 0.9077178449597764 0.16868234318774994 0.1344017691936365
4 0.9323912181972549 0.943681386197041 0.11113748789975161 0.04213250569998337
0 0.8738404583365016 0.3948343407724025 0.1667198673882467 0.06554250854997487
3 0.43965181069763376 0.33242863183444016 0.09578974385167989 0.08869614926336578
3 0.3716426749626226 0.2002774135133238 0.1228880541565303 0.04842071052744616
4 0.8376903766598248 0.16018083532452082 0.09497667759490121 0.08317276894153496
3 0.629305704918656 0.10965703939567921 0.11357668667008766 0.058702646665475776
4 0.44255059348233755 0.10285039247810188 0.10041361133812252 0.07808643119435103
2 0.1819898225032946 0.154189745308423 0.1300011173882468 0.06297488342392402
0 0.15594897638867838 0.3313478250098353 0.13516131606038692 0.14455266535490913