2 0.7025281254020941 0.5072954164485349 0.11203812418757338 0.11422837094786545
2 0.4656299176087309 0.6900147241151637 0.04630975852141663 0.19390889469597586
2 0.13095886282019245 0.6477255974821036 0.10237675202859489 0.0972760893778343
2 0.16482002516050814 0.25785946067863547 0.0994153932622969 0.10646907885449056
3 0.6653131286518004 0.07777451642030006 0.07808586404130366 0.13644500519108468
3 0.719704168422805 0.3264248480468009 0.13690571063273715 0.06338620776545092
3 0.8767935142001642 0.5894268350337957 0.1002687812495882 0.06593508411616238
3 0.35661601298564355 0.17943281086216212 0.12457903449599898 0.11730016304124016
3 0.39092242369781083 0.4871242135212329 0.08827334172016936 0.09411329202278758
3 0.29187126907142813 0.4577012950065594 0.026792145290891866 0.19355257892507768
3 0.4402186347342897 0.847121568825257 0.12958413433384325 0.09105618145709152
0 0.09929403124629281 0.5361734474538686 0.08572108603812652 0.12674378149944393
0 0.28652089041633255 0.8232275844690982 0.12206196063273707 0.06252165777956833
2 0.5973827037295829 0.5767650242422206 0.07725006696340309 0.1332745025602488
2 0.17775858157389965 0.10304315806191697 0.03896486282348777 0.17553062101845254