0 0.19268947523993837 0.5104006317535578 0.1048023226454459 0.10210009727034208
0 0.5773433445595432 0.2799733242281032 0.1172886858759707 0.10204688936371689
4 0.4834002499967047 0.45358440045175785 0.06956425202859488 0.09536497888272528
4 0.6385865819776415 0.38354637428457294 0.09594947402541773 0.0867558183311468
3 0.6543497240221224 0.5249603295603623 0.08460287094116267 0.06268128149944392
3 0.38497461241645065 0.3255874740445766 0.11688353693163096 0.034123641994552756
2 0.4949531789728166 0.6226151215125627 0.17506422970746058 0.0585845866764112
2 0.33884172645775434 0.46043988715640394 0.09546823295387145 0.10389781570031094
2 0.34456207223840885 0.2505188555863728 0.1374005884737585 0.047025460396286786
2 0.469016601459402 0.2119884346526249 0.09687104586008459 0.05012807359281872
2 0.19811554058178366 0.37322685544519846 0.12957049756436803 0.0902749314570916