2 0.6456247663962469 0.2187257507929695 0.08538323817714524 0.12041872060135787
0 0.44884393216314944 0.1992332016066236 0.11894202199532415 0.15252521370395292
3 0.12813145830765854 0.355655778494131 0.0370049377622268 0.1186614687923356
2 0.2828459595570584 0.5342234345324532 0.06786477406991676 0.145957631162236
4 0.8023403981444778 0.4340531004088567 0.07762993776222693 0.12079053482570909
3 0.4404547821677938 0.388701815356005 0.0857375130722545 0.07374843848918218
0 0.6545317054078735 0.5225877351891373 0.0969486228251613 0.1498162935321364
2 0.5344354608064583 0.7077140869527311 0.06282207655942748 0.14102446969684673
4 0.6701981298973531 0.8535478081199159 0.09362086805127631 0.06482381784239592
2 0.34305436682509854 0.8008853120766446 0.06401772365499828 0.14653416327441135
2 0.838175767445154 0.6792460917024294 0.1099921518694554 0.09602955223856355