2 0.7147703061369514 0.1161924238415577 0.13846981955518664 0.09834517946385705
2 0.7974080351605769 0.3399483099394661 0.123726199104836 0.09878288734730827
2 0.4413349151716515 0.5412096149277767 0.10295262415097853 0.11431279896502602
2 0.54285185455888 0.8145627593240551 0.1483256809062386 0.09442727406991694
4 0.3754946599298642 0.285564188787912 0.10584828423772627 0.06244264564567805
4 0.3232216725729072 0.7684018448065523 0.10350453423772628 0.06226504689043359
3 0.7152823573366571 0.5651986089044921 0.09676318090623859 0.09052010145453693
0 0.5490601727297907 0.38467342716555 0.14263688540974542 0.07844707655942766
3 0.4681956947858993 0.1395869927273155 0.07610952189922493 0.12005331348717307
2 0.5842898665928393 0.21164940164574078 0.11186774676079754 0.07145079274124866
0 0.19138497994647619 0.5609347321538607 0.12371570712440043 0.12288323817714542