3 0.3429239780789813 0.4314018046228657 0.10363657630251692 0.04571303668045381
3 0.24684746050118878 0.701415407304274 0.08510490012383451 0.05018236067790856
2 0.5138551780362001 0.7280120806015484 0.04762847890755086 0.13407555533895418
2 0.7891311980951918 0.495778646562732 0.05111735194308018 0.14192441800604527
2 0.6973889619489307 0.6406740705760952 0.07725816687305738 0.08288577267663584
3 0.6474488122393811 0.4411467852482766 0.033127177212139716 0.09096135467059074
3 0.473947153843379 0.5760501386060028 0.08592253742738727 0.05097270134468133
3 0.2325921379227255 0.24430234130331954 0.059449928659881836 0.035828959341181486
0 0.8426329954473768 0.7046445692234596 0.10040887655018586 0.14405963001272665
2 0.37503004094204406 0.18089272728359318 0.06374363047912741 0.1280164593411815
3 0.7700685591390092 0.15362750922982293 0.030002177212139713 0.09092499200349984
0 0.8065583308506309 0.26576388255891403 0.04615802419282104 0.15279828333863615
2 0.13298605190029886 0.43853469398472794 0.0920098715877872 0.06431758601209019
3 0.529753928245597 0.17987402526259416 0.043446093051739965 0.07780737400540882