3 0.13206925469445327 0.19713406328123653 0.12199372601049951 0.08439665777956833
3 0.5169367927275428 0.4186332768024695 0.13763690734404505 0.08686921039628678
3 0.3812282014242231 0.6477809924604281 0.0973840773392725 0.049392326223654595
3 0.9025299420750874 0.5009334824311946 0.042551674013363086 0.10084913943430393
3 0.14169408143694978 0.7555458027578927 0.11661588267822673 0.09189063936371689
4 0.4599589920432708 0.29217646359182003 0.12659031934277215 0.07685717356458391
4 0.24931184603754372 0.26222917128668377 0.10537839067472694 0.06547235253201392
4 0.37966460673931485 0.5134059924604281 0.13414828067313608 0.055437199872943134
4 0.6158224721116767 0.7873462084713225 0.1069590720082724 0.06712585779368574
4 0.8001525661202672 0.8399343402248803 0.09772952267663584 0.07907982622365459
0 0.8575612453850885 0.33156112712717045 0.197429530673136 0.059122912970653016
0 0.1242685820734966 0.5345353527437754 0.151145424013363 0.10717400512049746
0 0.7275855807606322 0.6502795770001135 0.2280982753421359 0.07808501557325406
0 0.5762181493475448 0.07119756370475953 0.18464826734563572 0.10131811824644225
0 0.8430516606858628 0.09239991658970928 0.10788632001909022 0.14681335779368573
2 0.13677186612822137 0.9372053264354161 0.12435565734404497 0.08609566567207594
2 0.3171613226845901 0.11364818714228649 0.05606928134945379 0.1219351841585147
2 0.7731691587364514 0.4693789165191221 0.137273280673136 0.05561921039628679
2 0.9524732087046346 0.2244018035343517 0.042851666016862563 0.12663038943430394
2 0.5818207367918123 0.8886125768589391 0.1251641793443632 0.0884849183029118