0 0.18255160737586168 0.30494855748637933 0.07158574069063528 0.17980097001621065
0 0.23432483473899665 0.5221874073625449 0.05789541068586281 0.14402613585581073
2 0.6767112347230884 0.3843319189444813 0.03347721335931695 0.19286174214211718
2 0.852094684754905 0.610665324859284 0.04495051535645338 0.17231380169541097
2 0.44509925007954176 0.565524222706807 0.0828590480187719 0.14206552956950452
2 0.5659839147437692 0.5419154406561031 0.06737040802036276 0.1530565334984459
2 0.24641794410404066 0.7553445097199096 0.06299199069063519 0.17940070967712848
4 0.6581906907622228 0.6736320134439634 0.05398916068586281 0.14384419933804615
4 0.39583340471831574 0.3622387109199828 0.08910904801877191 0.14235662799792798
3 0.46793457670272554 0.2439745543860074 0.05289937535804441 0.18439642473094037
3 0.7317238093570898 0.1410142584815646 0.15698634400859035 0.07055871071058575