2 0.2890625 0.13311574563159698 0.153125 0.047314023935694574
2 0.19296875 0.2916023524892012 0.11171875 0.10572528276940982
2 0.375 0.24127177811666636 0.071875 0.11104790919430556
2 0.50859375 0.21706859907072876 0.146875 0.04091855357097236
2 0.559375 0.5822929023573606 0.18515625 0.05899705955489605
3 0.3546875 0.6534633068020137 0.1546875 0.04891289152687506
3 0.13515625 0.5281042033628818 0.11015625 0.09006391517822934
4 0.39296875 0.37679105081808995 0.1046875 0.08915537860909728
4 0.69921875 0.4329442529467008 0.08828125 0.08330476890170146
0 0.68203125 0.2770942964496869 0.10625 0.12278549620027786
0 0.62890625 0.4908307945498258 0.15703125 0.08256119291364605