2 0.6944622552717105 0.6266332820973328 0.09361145251506216 0.1716209908266178
2 0.799847815745587 0.17494858313060505 0.05037964975511855 0.20105396077238855
2 0.49808649269310407 0.2513100534691592 0.07809554667086367 0.17778008723582167
2 0.3777933579522238 0.341226005460949 0.04825804220663672 0.16901362041330897
2 0.6121199448044244 0.11604978522059073 0.05652055559931739 0.194840322208707
4 0.4845048283241935 0.5472947191602038 0.07250801988550233 0.12619031615858275
4 0.8230720450427154 0.8789184656441623 0.11616651663909146 0.07644939139235199
0 0.1549616042987758 0.46413574375348404 0.07776431006354416 0.2035567920562819
0 0.2869379017804183 0.775028312838933 0.057874549917274455 0.2276573673882467
3 0.5955413344099781 0.8221316135776178 0.05545688758025413 0.13390282220870695
3 0.8774366221556832 0.5027104896482675 0.062094445615203143 0.24564884328594588