2 0.34658778455149325 0.6568427355270886 0.15596820018457008 0.0758091368892682
2 0.7543571190660747 0.48050909801864794 0.14627302513842758 0.05822137655018587
2 0.7408708197120701 0.24123042825010624 0.19793565468807692 0.062185438584679266
2 0.7067134700812104 0.10573172994551731 0.1160033366740496 0.1206828351938571
2 0.7948286181432241 0.8213481137344136 0.13643695018457008 0.074899454300445
0 0.5182496383444061 0.5063054263880794 0.19964834901255096 0.06460196319178521
0 0.4907473110741968 0.08463378763678442 0.15992331739571847 0.13752788688926815
0 0.10600235734588241 0.6431227996284965 0.1777733490125509 0.06358311869230313
0 0.9074038849483201 0.0645797683540128 0.10294213217054278 0.1291595367080256
0 0.8207762561738632 0.6230732795740138 0.13671635487264702 0.12787890508623329
4 0.08567907927279413 0.0972687981807544 0.1343342296419344 0.042086954300444956
4 0.4806459161037274 0.3273478265119139 0.11334990360834282 0.07927658519385705
4 0.8366770681709106 0.3870993922704608 0.15401567396640842 0.045340386889268204
4 0.11905786012365957 0.876969106700591 0.10095003315799209 0.08025688833701032
4 0.5250482418327772 0.8985635469424093 0.09356832973421944 0.07446065260503403
3 0.2045130151162783 0.2849057311838624 0.1430083227943891 0.03158610194308009
3 0.2511319895164254 0.5055050215067339 0.0952309592838688 0.07609592721213972
3 0.5407185163528959 0.6540322969424093 0.0979752274824662 0.0824550891227986
3 0.6030008659837558 0.7882210523190928 0.08621690468807693 0.05698205417661058
3 0.3291046861572512 0.9053530101341944 0.08337250693983034 0.04906039226595169