2 0.6850791123887021 0.15307255354728483 0.11063113342392406 0.13678944183801275
2 0.5402468496513534 0.3272798679134583 0.05680664691757738 0.18977804802252862
2 0.8958470036062962 0.21448602890576662 0.05393301919363651 0.17091878737886682
2 0.3384597465689307 0.5290219564169469 0.057292965975327806 0.16337943898802115
0 0.627090557833011 0.5363163783050184 0.15666489926336577 0.10580152179152655
0 0.7445844244090871 0.39777876616841795 0.09697817884856264 0.1972516944359029
4 0.8793411087055313 0.6183812072501261 0.11280028478097677 0.06774986473449048
4 0.31493939114071956 0.8101516241176446 0.11023801349365332 0.06446097376899793
3 0.6255433913928211 0.8622286682817755 0.06815405632040168 0.1408160241373153
3 0.3847716538780682 0.6411888206472344 0.1297692634936533 0.0658267318147697
2 0.4200221949401059 0.2022248736134415 0.05989344209011431 0.17833244963168288