3 0.25401062607413294 0.54609375 0.1426607620146357 0.1078125
3 0.4392594247692226 0.75546875 0.12015850600731781 0.05390625
0 0.5550789460136812 0.10078125 0.18358520667568143 0.06640625
0 0.625858901416269 0.6109375 0.1740380313494537 0.11875
4 0.749613480068406 0.50390625 0.14407781134627218 0.0953125
4 0.8004332821053133 0.77578125 0.11905963001272682 0.09375
2 0.2960559594604942 0.93671875 0.197075542011454 0.084375
2 0.21657261871417965 0.35 0.14124371268299923 0.1203125
2 0.43058966538031596 0.34609375 0.16662497334499946 0.0859375
2 0.6369572967059073 0.2890625 0.16128349267981754 0.096875
2 0.34953801802195356 0.16171875 0.1030170066836356 0.125