0 0.49453125 0.10859375 0.15859375 0.11875
0 0.903125 0.10234375 0.1046875 0.1390625
0 0.54921875 0.5328125 0.190625 0.05390625
0 0.14453125 0.64921875 0.1734375 0.0484375
0 0.8609375 0.6625 0.10234375 0.12890625
2 0.71875 0.12890625 0.08984375 0.08515625
2 0.77890625 0.28125 0.15078125 0.0359375
2 0.4 0.67734375 0.1328125 0.05390625
2 0.84765625 0.8546875 0.1140625 0.05078125
2 0.78515625 0.5140625 0.14609375 0.04296875
4 0.50078125 0.346875 0.10546875 0.06875
4 0.84609375 0.4265625 0.10703125 0.0453125
4 0.1 0.0984375 0.121875 0.03828125
4 0.17421875 0.884375 0.08828125 0.07578125
4 0.58125 0.92421875 0.09453125 0.06953125
3 0.6453125 0.81875 0.1484375 0.040625
3 0.3828125 0.9171875 0.11328125 0.0625
3 0.57890625 0.68359375 0.09296875 0.0734375
3 0.2140625 0.2984375 0.1390625 0.04453125
3 0.2703125 0.51015625 0.10390625 0.0828125