2 0.17511799410568202 0.3597281027716496 0.13736469022789902 0.11790459160399784
2 0.7834942268054764 0.24920559408970644 0.14981561068413463 0.1364191511572918
2 0.9083562584401381 0.3936747239496613 0.13026445604523004 0.1924315566578098
2 0.5098603390096668 0.7949912448327134 0.09061170703381301 0.19526330417661059
2 0.198747789580508 0.5746617440041439 0.14553001730020557 0.08865373924663303
4 0.5334942268054764 0.2608495312266436 0.12060827174882967 0.10854670822938636
4 0.4058785627750316 0.2793170490093239 0.10287694368794006 0.1326734129441161
3 0.37110158653820885 0.7897130475615819 0.0408517875661607 0.17968965405277598
3 0.4825524452079959 0.5090002409037722 0.10090060821267652 0.12244438833701032
0 0.7514257565001528 0.7876538180348585 0.22239360623551008 0.11874580769126712
0 0.6749627796946763 0.5055177142297517 0.19632585475263548 0.11051377667402029