3 0.11657052899593894 0.20242379626712176 0.1260501627076414 0.07945744926865136
3 0.48298156925064484 0.43950541599376364 0.1417752922572907 0.08129268465815472
3 0.3305319879752659 0.6630128741908689 0.09967862739018099 0.04544095941492117
3 0.8606478894241402 0.53748362541198 0.047714411627907086 0.09916024878218402
3 0.08389921499630662 0.7609629991892211 0.12108206045588801 0.087174491882325
4 0.4358235718715385 0.31078612662650074 0.13023701495939477 0.07172676988550233
4 0.22837081971207018 0.27226691761532146 0.10849242288667416 0.06120232710967279
4 0.33914312924510753 0.5286378741908687 0.13664770126430428 0.04998813758025413
4 0.5535317921096324 0.812074116887268 0.11015505243632351 0.06279210064862326
4 0.7330702953488349 0.8721507260606032 0.10158108883351816 0.07512845941492116
0 0.8286933898855657 0.3663586477331144 0.19992895126430454 0.05109271590774291
0 0.08327386104651023 0.5393470978092493 0.15630816162790723 0.10105575973923261
0 0.6751738595053507 0.6796280353133685 0.2314991263104469 0.06881204991727455
0 0.5682913201734955 0.09465083766627488 0.18940126387966066 0.09382964082666496
0 0.8323445257567365 0.12671944927524192 0.11526165946843889 0.14247960064862314
2 0.06525293723698537 0.9423357301144974 0.12849404225729072 0.08106085957707662
2 0.30716405305463235 0.12652199513203133 0.0622973457733484 0.11970457386326187
2 0.7342448781653734 0.500671192375383 0.13977270126430436 0.050042684658154715
2 0.9312955606127715 0.2631188250876685 0.049366549197121044 0.12494149878218401
2 0.5120173157069006 0.9119065215136507 0.12942548658176473 0.08341824634655204