0 0.6238467000092888 0.39041855223979216 0.1334413072633957 0.0834327086812154
0 0.9374383711747761 0.5458931811332299 0.09923225062469995 0.09511443787965276
0 0.6803074197155947 0.26071417486496584 0.18046967261537966 0.05567203780340293
0 0.4189904888018452 0.21875783852458364 0.21417016639160255 0.06815450721819456
4 0.5320772875663785 0.5996279384483337 0.1317837188811133 0.06155770868121539
4 0.36137185602792904 0.46697582655673636 0.06491645020978147 0.09509560087368066
4 0.17341695705825869 0.17872767809600706 0.10694966224241757 0.07345764342673622
4 0.5091983238601353 0.060983665746910144 0.07759404896502602 0.09773029160312507
0 0.21580352137062433 0.058834058604965454 0.20464180103961843 0.09678800028434045
3 0.715059082783205 0.14298246741802143 0.11114025477388481 0.08759287860909729
3 0.9346746883869267 0.23154039361416742 0.05071316286711749 0.1649535059839237
2 0.8658566012540444 0.3937117788727785 0.152593126349646 0.048004354957743176
2 0.12633585042885165 0.5660081661281599 0.061945738177145285 0.11764274810013901
2 0.28636389109550786 0.6812545724726737 0.14566862012586893 0.05954126700184048
3 0.7361154373612415 0.6987415049370839 0.18391398132866818 0.039374890576944564
3 0.20531849110015227 0.8673173994106598 0.11249018983681927 0.11569969481350703
4 0.7245080442143631 0.9675272193178823 0.11954382800932013 0.04411563554295128
2 0.40746040894164726 0.838487803855313 0.16310457386013527 0.05292824430041705
2 0.9006533792726532 0.8117532640551396 0.0890410344428787 0.12529224715020854
3 0.22003461577619135 0.35138458130638905 0.10824039772027057 0.10078320963114588