4 0.37244515908731424 0.5080799038478881 0.071781316963403 0.13214472001621064
2 0.23419295697599382 0.6505671184874153 0.09222623051823949 0.18539815260503403
2 0.6536832966675683 0.6286833864794926 0.08012565097293471 0.16297734305173997
3 0.6848396136309713 0.7562433062480343 0.07585120819710518 0.1417016565339752
3 0.39767085023829074 0.7438161966519591 0.10503414772652384 0.11417812406898661
2 0.6567053364418683 0.3986684007475162 0.07720520251506216 0.17455054383752824
0 0.1720188705341255 0.22420797973612033 0.07085579098882074 0.21328555810555186
2 0.3362353291382677 0.18059275868645236 0.08045293344033873 0.18172734305173996
0 0.5014609086835724 0.19479003763678443 0.07570693222252274 0.22287888192686944
2 0.6613035129856435 0.16936189040843402 0.06496430113509036 0.18881209698068138
4 0.7915052560857847 0.23757673532220078 0.10366256249917605 0.12504284946188077