2 0.4578083076912671 0.23620934440969316 0.049756059139009066 0.16421900889724855
2 0.5668258968140656 0.33344378315471734 0.04717686869230313 0.17581042490485982
0 0.3823631596343472 0.3742730771094876 0.08623936869230313 0.1774020998097196
3 0.22095897104966794 0.17353429498053444 0.07669524069437506 0.0896792653230392
0 0.206147531841307 0.6758807035737717 0.06182156554914995 0.18888342787060922
2 0.3297584679447868 0.8353113947902541 0.10967256058675119 0.11129693874502422
2 0.45187956285855363 0.7116258384781942 0.1137050891227986 0.09742543973360754
4 0.5786904276219154 0.9062764466908707 0.10211261765884583 0.08291727076024671
2 0.6908671341986719 0.6862743058921303 0.044505632960326835 0.16868367441056834
3 0.6122797537195444 0.5559700405690912 0.07754926530148083 0.09127359882113631
4 0.1830759431327932 0.4316532011023139 0.06419739474715103 0.12270001235728963