3 0.0421875 0.3927083333333333 0.046875 0.03854166666666667
3 0.1 0.38958333333333334 0.0421875 0.023958333333333335
3 0.18203125 0.40208333333333335 0.06953125 0.07916666666666666
3 0.26015625 0.3885416666666667 0.05078125 0.046875
3 0.33203125 0.38958333333333334 0.040625 0.040625
3 0.38984375 0.40520833333333334 0.03515625 0.051041666666666666
3 0.4453125 0.4041666666666667 0.03671875 0.04479166666666667
3 0.4984375 0.41041666666666665 0.04921875 0.04895833333333333
3 0.5578125 0.3958333333333333 0.04296875 0.0375
3 0.62421875 0.4010416666666667 0.02890625 0.042708333333333334
3 0.6671875 0.4083333333333333 0.03984375 0.029166666666666667
3 0.73046875 0.40729166666666666 0.05390625 0.046875
3 0.86015625 0.41041666666666665 0.03828125 0.041666666666666664
3 0.9234375 0.4125 0.04921875 0.065625