2 0.5660918680985083 0.11918236876683634 0.08491085228117753 0.09647612939699583
2 0.2793956117098987 0.5086424499903017 0.13668425790866542 0.04853270803538727
2 0.8154564230020555 0.7564758483039151 0.12125025889724839 0.05194475045904205
2 0.6906792574887358 0.772148258914678 0.0936173488211363 0.08083515394280312
2 0.5107980979069153 0.820537316800284 0.07081651878308026 0.09454696757828493
2 0.724806201176676 0.897913662398439 0.09101893083635879 0.07439383530635127
3 0.5796781601132932 0.31795470861511543 0.03863537155854946 0.1838009151526907
3 0.30035541604479227 0.36897417211051453 0.06585710475263547 0.10660055742656409
3 0.8457833211779885 0.2695818840596099 0.06906035920125966 0.12788562606301596
3 0.7289937050938277 0.5197568404280073 0.08766843775644109 0.10682369803344756
3 0.580671610227024 0.47699486876683633 0.18949092292769337 0.045056763794961444
3 0.6777509041817942 0.2817305530053225 0.0873501027754692 0.09901119803344764
3 0.49825699414286306 0.724363818467274 0.07961851581733086 0.08124974212409235
0 0.8810098498469007 0.4030960146645537 0.07228085969555131 0.13048446757828494
0 0.3852861033441228 0.8566497731686813 0.09111177273741307 0.11489128954871645