2 0.5786830167902229 0.11004014755903768 0.08904763103285873 0.09356629353213637
2 0.27071173784946445 0.48801681987856077 0.12027778366526398 0.04997342378986112
2 0.6442384847694216 0.7561947732942067 0.09696925843752062 0.0971007293077852
2 0.7791219162577672 0.7569240343754832 0.12410218811176783 0.04783439167768542
2 0.6777999745178025 0.8893447879935277 0.09297123920022692 0.0719369549975255
2 0.4718624877646464 0.8018801667809144 0.06984376324684387 0.10191770409301455
3 0.5654339608076224 0.46711234113660255 0.1524355192372937 0.03294305404758582
3 0.7093451627143882 0.5219558921319708 0.07051588584218216 0.09883364767057934
3 0.4596750010114903 0.7042615383322121 0.08903770734906154 0.0709509871097012
3 0.5716170173383771 0.31238389755903767 0.03410715988879929 0.12811835594746537
3 0.29612594401739945 0.340858536861874 0.06576389845605402 0.07441017978275495
3 0.8478719824919867 0.26203425825620136 0.055962312521204184 0.08403416327441153
3 0.6727355732361596 0.27511186963073353 0.05956846215838496 0.075645131162236
0 0.8655902174310445 0.4022531445068199 0.06977184137714473 0.12218926051544958
0 0.34380940963434525 0.8288664699239894 0.07258681733052796 0.09114397840327407