0 0.2869237232074747 0.6941505489592033 0.07211347137130683 0.20681324400710607
4 0.23405471728842092 0.42766905585660825 0.055611755460011736 0.14760534034363298
4 0.7065979786674864 0.8608355964480685 0.11214892682162034 0.09689268939369348
2 0.5362378101808158 0.8036771144267499 0.08871116894571252 0.1718993334462283
2 0.5121793304745592 0.5565973965389256 0.09123026212797143 0.18369997060135787
0 0.38934851092002354 0.309786594300362 0.128443219704317 0.2012083751693421
2 0.6007807342481845 0.1839555139063516 0.06680421803732699 0.18942102611928183
2 0.7758438624372324 0.38449550372958624 0.12265573424818452 0.15889804443664746
2 0.6919150147130454 0.46177729873206064 0.14276132697140156 0.05260045680654777
3 0.7381038438104788 0.6368934854122206 0.13620818015560018 0.11526755314307487
3 0.49394028713282073 0.3331598965389255 0.06133572591323464 0.11289946969684675