0 0.8096080513992906 0.3957192921096324 0.06892114773014413 0.11748669108527147
2 0.2453804153476286 0.49114092998338804 0.13247753087881237 0.05059838217054295
3 0.28196643619731115 0.3593507094407523 0.05092365399835046 0.06174783081395363
3 0.38891746668041216 0.4624478261904752 0.03191524122451135 0.07846496144333699
3 0.5324197626029192 0.5421482132982636 0.051795832211595894 0.06492289558877821
3 0.6255369282797524 0.42389076419342764 0.06563101167848248 0.058011561535622216
3 0.6728772780423256 0.5120928686046493 0.04754860141192587 0.05295382171465483
2 0.669308345672445 0.6347491186046493 0.07058293613080409 0.09419938540974541
2 0.5398257149645526 0.1268236019472116 0.07591529381093612 0.0898623388335181
3 0.6813025096334184 0.19573668337947403 0.02449754631821861 0.06473312846991516
3 0.7844525901956617 0.26866543877814486 0.038977583465237234 0.05318435919158375
0 0.3651316595416409 0.7439178716869683 0.1268784002374268 0.09936654919712104
2 0.6094810531151502 0.7344975971668497 0.10477607970431357 0.09015223550203047
2 0.7367111428485934 0.7302432888704299 0.12926160266556722 0.04727312307124443
2 0.6355768886919584 0.8560326357235125 0.09405152837152997 0.06997014342931003