3 0.4733039841193044 0.5616843275294171 0.03838713967967564 0.1362385889353046
3 0.8065928121590726 0.7417605108000528 0.11954966531583296 0.10295785672980173
3 0.851624473751712 0.53058824745418 0.11904252591898157 0.043773857718385045
3 0.5850057358627307 0.3328987998490882 0.02915911116879606 0.09304700444862428
3 0.38969465292199035 0.21541150540002638 0.1171280028747221 0.08417602323170463
3 0.4350291108859722 0.008575209468089847 0.10130822177194432 0.017150418936179693
2 0.2181621140435182 0.16359829049472913 0.07411958812453676 0.13535917984777565
2 0.33133322318606406 0.39968568771926 0.09757692049962943 0.10984718528498308
2 0.21360706390249895 0.5416887984033945 0.08114127620180529 0.11774059832684483
2 0.6246100803023596 0.776616966350991 0.04670748760615702 0.13346375741437377
2 0.2776175031110632 0.8252533734985347 0.056277977238564605 0.11828442638773459
2 0.7738734547599531 0.27816092581908086 0.1245987502828239 0.08058810821267652
3 0.5664614959474994 0.27328371931674056 0.025594613760694253 0.09679408695813833
0 0.4523742038649985 0.7436492519399852 0.0656037505656478 0.15369534437251212
0 0.155786419039027 0.40056639129303184 0.0987197554666202 0.08731826927737192