2 0.2689886343300113 0.10593432911591061 0.0876292103636029 0.056188245681063356
4 0.3084537615633088 0.5153791802879298 0.03548452189922511 0.11664608189368782
3 0.255271797499078 0.3532506176725735 0.049796148209672 0.18214067396640843
3 0.6569728022794401 0.4661334585086764 0.061856057216685655 0.15179183991325224
0 0.15359508327796376 0.5513598457733484 0.13636590144887442 0.12466693784606893
2 0.46927733343484734 0.20824420804725108 0.07510702883905544 0.16431162631044688
4 0.4589370180417138 0.3989798295773359 0.1050565422572907 0.08531454117755662
2 0.528019794102992 0.7970959569675169 0.10470489126984166 0.14053296730343323
2 0.48715735733665716 0.6450933659745305 0.08272976172019231 0.13756865360834283
2 0.35776904842192864 0.7021572894795135 0.12182373766149883 0.06771603099852364
0 0.8741507217700282 0.959142223740311 0.1274321900055373 0.08171555251937797