0 0.45803540410743204 0.49638131621157316 0.19631392589344293 0.060769279076527384
2 0.2252401501530994 0.4948312122528236 0.1498063404181794 0.04658034849212935
4 0.16239529886050502 0.5747928228559719 0.11327859140676262 0.048055374128286844
4 0.5001234505336603 0.6756873988694897 0.10664393083635879 0.07627811894449046
3 0.7342477356283629 0.5291711497179615 0.08830776631162252 0.08479395650337943
3 0.7886792731573425 0.7518950417067114 0.10999442391627667 0.04387572205476822
2 0.6203656022439965 0.3608326698874988 0.1412271778706092 0.06529139227157384
2 0.22822193422203782 0.7295185705468976 0.15042842292769346 0.04274244901050892
0 0.10143264665587721 0.8971859412348145 0.10875952916320361 0.14730351842611072
2 0.29052432156073704 0.8745275656459253 0.09369560326976067 0.10239155961365717
0 0.5106630666178212 0.9173082623473601 0.17296660920125967 0.13735161145161995
4 0.9017191481387521 0.9601456220555538 0.11233817391627668 0.044080773609907455
0 0.8621883463124973 0.4102146811035631 0.16860276136870667 0.06846491041486083
3 0.42911851973448245 0.34018054288448984 0.09865501730020547 0.09037001324231468
3 0.36555737992432535 0.2068219472670826 0.12427975840295699 0.050574781385601675
4 0.8341428952473645 0.17490260622134096 0.09765093281352506 0.08483291272393503
3 0.6270134861598355 0.12071551781398027 0.11535042737631773 0.060692075165046065
4 0.440040068175058 0.11062974392124916 0.10289684832684483 0.0798426163525924
2 0.17705063684440758 0.15740027130083298 0.13188401136870648 0.06525243605101827
0 0.14476076578014974 0.33411930471268486 0.13988219517081485 0.14691253916129607