2 0.6678249724948218 0.5403668440881323 0.10420140507947587 0.12147610534690845
2 0.7624628606992567 0.47743158676794983 0.1713690577118811 0.07696358402290801
2 0.4389013643274538 0.5595691880569519 0.17471231252120453 0.08324994668999892
2 0.16285967558271394 0.39236131735359 0.18232391587924912 0.055224944024498866
2 0.4491046773119945 0.11377543006045177 0.07446926506094247 0.1422153193427723
0 0.3063964322909539 0.7680982087046346 0.12917412322831048 0.12098575668363569
0 0.7645188901033514 0.31267874343567714 0.16105160580511538 0.1393181333545445
3 0.27629963828925297 0.26404650803627105 0.14704861479079004 0.029043704686499083
3 0.14617815098794268 0.5631914380171811 0.06205854509800934 0.09990055000795409
4 0.49556304817805225 0.39310894139876973 0.14202629809323425 0.06412722935231727
4 0.52518114862569 0.7269117767345423 0.0986954495445131 0.09798406134627217