2 0.712093327666965 0.4951462180326988 0.11392114546082902 0.1161596414964933
2 0.4781424575186974 0.6820704906527231 0.04965280353552988 0.19466222717948317
2 0.1423934412766286 0.6456299634825287 0.10397322658635506 0.09904299647551511
2 0.16948664309857633 0.25505158505829006 0.1011756088003402 0.10818119813518896
3 0.6673462458236488 0.06751630357112483 0.08039188284695734 0.13503260714224966
3 0.7261310018989166 0.3139195288205795 0.13787451143274546 0.06576947780418312
3 0.8879688361044856 0.5742506097296847 0.1013194525397381 0.06767459730535208
3 0.3601091538983495 0.17324178754315658 0.12650299101432533 0.11945058485779736
3 0.399819016959859 0.48042640289514066 0.08982888103285883 0.09563365394404784
3 0.3001538336574147 0.4527293006154112 0.03014883538669526 0.19396348755244547
3 0.45544654590061756 0.8396704257156575 0.13104415807470068 0.0933024819533678
0 0.10875007285764153 0.5345982977156261 0.08784971878180677 0.12820935560372176
0 0.3011757081516696 0.8184610443916338 0.12303076143274536 0.06464468568763451
2 0.6080531576113646 0.5664786116037845 0.07950150544229562 0.1345894101678251
2 0.17973711841898704 0.09996134335665981 0.04199407095872498 0.17616068091374956