2 0.09249822469763494 0.23283351141996073 0.06561700401813556 0.13695112336031984
2 0.5454617820655425 0.5111045120973292 0.08946303668045381 0.10618912426483096
2 0.8425100520766783 0.6086533779944172 0.06780621268299925 0.12379270409301454
2 0.5049111494270866 0.7166651153312611 0.0841124653484993 0.1160587692218769
2 0.4092612000715876 0.5484706360234759 0.10141759667409059 0.05996922150586901
0 0.23987649542485942 0.6863789925367682 0.0941505366804539 0.10643478573022022
0 0.819779434715134 0.39977634497773046 0.13300395134468132 0.09051321460846404
4 0.6350140833863611 0.42366646709485484 0.08833634134309047 0.07646068068726616
4 0.6148224987666773 0.7684909661903436 0.05202667134786303 0.10969258254171699
3 0.4696061647039983 0.2994433158062309 0.11089259400859053 0.06905429443664754
3 0.37269863343408627 0.7612672071452322 0.053916435351681 0.13789946969684674