0 0.1915262032802379 0.6941505489592033 0.06734493664817628 0.20681324400710607
4 0.17570159513361627 0.42766905585660825 0.05221348933548198 0.14760534034363298
4 0.590875213944756 0.8608355964480685 0.11001130780780315 0.09689268939369348
2 0.4272901270565832 0.8036771144267499 0.08478306562972371 0.1718993334462283
2 0.43776270840073545 0.5565973965389256 0.08702810509226264 0.18369997060135787
0 0.34869802132903605 0.309786594300362 0.1238756577089811 0.2012083751693421
2 0.5793627343561588 0.1839555139063516 0.062437628769786 0.18942102611928183
2 0.7275440871705214 0.38449550372958624 0.11907476564384112 0.15889804443664746
2 0.6321413109327493 0.46177729873206064 0.14170165258848363 0.05260045680654777
3 0.654070976887174 0.6368934854122206 0.13366861568619354 0.11526755314307487
3 0.4507764608198098 0.3331598965389255 0.058759620947865444 0.11289946969684675