3 0.20627574002802312 0.5374454031805593 0.14957579274124866 0.11275051506094247
3 0.3732227512261779 0.7404364500078493 0.12361602137062437 0.05808037322831048
0 0.5462695035244849 0.08143841752371161 0.18784446473192845 0.07279020317271012
0 0.5724559244662576 0.5893302738769811 0.18165458693238995 0.1247792891075596
4 0.7055662676224248 0.4779339276905127 0.15019109937994451 0.10030507876327341
4 0.7326210620140585 0.7481447347694216 0.12507270020978148 0.09786955952597971
2 0.21417594748726715 0.926760874324619 0.20248730518880328 0.09122274464252271
2 0.18597858588348265 0.3425793364830036 0.1489604861025528 0.12519595135861153
2 0.40033708380889016 0.33119785926367634 0.1721369543589663 0.0917212524470707
2 0.6116899035198406 0.26693691870483793 0.16749699855010752 0.10246777948891275
2 0.335401935888127 0.1495783262313846 0.11103443361304191 0.12854664065150562