0 0.24011559440969316 0.4282447027801856 0.09434154349765969 0.21376855702175918
4 0.6849969432680105 0.8597436702632884 0.11671926779449712 0.09428582516504633
0 0.6809488414439436 0.3755641598956957 0.0875649614824372 0.21940340235634243
3 0.745417201139495 0.49536952049884403 0.048221277186037345 0.1326655285108796
2 0.4761725222431214 0.08113047596585692 0.0531435405319101 0.16226095193171383
2 0.39770130684353255 0.23569774340208408 0.0674142875661607 0.1833879899152314
2 0.5733127549800969 0.37008443091370474 0.06294962205284094 0.18844663680495355
2 0.5788066571847248 0.697330436097501 0.05199487600717365 0.20617137902925933
2 0.4604254358164558 0.4473878076338897 0.05205854300336803 0.20773387902925933
4 0.3553824501509118 0.5247889291702783 0.08822419467652329 0.14005765494824055
3 0.4574038424697079 0.7965477690382416 0.05906327669174587 0.13127868576819424