2 0.15219881047067996 0.43095176542127545 0.10224789727484325 0.057954596184396225
3 0.2685403850261855 0.6997893145277712 0.08171212773000587 0.07397901663909145
3 0.35773133334949725 0.43531948579324525 0.08587359818322877 0.03894549756436803
3 0.49424227350703714 0.597630345370322 0.06404639560785341 0.0487062812495882
2 0.5374975501788761 0.7356894529188039 0.050350299550656355 0.1389630884737585
0 0.8636296154813481 0.7265595093289002 0.10170550546001174 0.1468807284896446
2 0.8016245966854167 0.5117197134688155 0.058162799550656175 0.1390994561685101
3 0.6558817909258426 0.4561264581938098 0.03577774545807202 0.09424092370110611
0 0.8199289601614191 0.27721802840362375 0.055069621521088054 0.15854888555165916
2 0.7233556886597278 0.6328350085181214 0.09432356909549391 0.12334777110331832
3 0.2358569780392666 0.24205863514462206 0.0828761439408634 0.04045345048646727
2 0.3802927621279716 0.18606950811437956 0.06065007076248365 0.13134150324641086
2 0.4964280740964636 0.15611104707460538 0.047624170153660474 0.05778127232113435
3 0.771396123188078 0.17963391639091492 0.02941617515463051 0.08320796631477992