2 0.3047621636479411 0.6424210368618739 0.09266019867214012 0.08608134215265544
2 0.4025684045727548 0.6115218396662645 0.07475508118569749 0.09607713986866315
3 0.20762860929501917 0.5576952340574834 0.07465963241536144 0.07967088986866315
2 0.4826286092950191 0.5432830947546472 0.08798633421075941 0.08817943068726616
0 0.616249630372258 0.5315942429910534 0.09432723780155569 0.10413197930778502
2 0.21178991023009558 0.37940645974722403 0.09650736133812261 0.07612981004047974
3 0.3305490005891752 0.37162053595736283 0.10424259328594587 0.06325799581612852
3 0.4824751149523599 0.3011774819097769 0.12985112646343316 0.03492163387576941
2 0.6830245607958296 0.3304987324756038 0.11523463544042353 0.07320620590203682
3 0.6183131418833312 0.17690674299105338 0.05207610528799833 0.09098352611928182
3 0.8067797024827691 0.4036762036427886 0.03797269867214013 0.08321529172311415
0 0.722590013082207 0.6447349728646653 0.12791189744247616 0.10433005314307486
3 0.5314786788714475 0.7383189557904951 0.1072539637974506 0.043890520126388034
2 0.4100440404059619 0.8032589603130509 0.1190954336450254 0.06559842378986111
3 0.6730889410698918 0.8300859746736877 0.03255849082661779 0.09230368668015991