3 0.6147176814802356 0.5203540201247667 0.06952568520982183 0.21029865399835046
3 0.3335717435568803 0.8093556503039337 0.0542924315917773 0.11312813730530316
4 0.5308727894638657 0.8699197626029193 0.10323122060135788 0.07944947077054039
4 0.24934830902442692 0.5707681749145401 0.08327724672063966 0.13035274122451135
0 0.26551105608375086 0.2177113710744741 0.07039546641748631 0.18224185015828454
0 0.14361064337516619 0.4747773764847505 0.08474124943417313 0.20294079506457727
2 0.5912270290599579 0.28389969457708836 0.13221935775648747 0.08185305674305984
2 0.4288232835825136 0.16771606809233794 0.07870925542706679 0.14738111685133198
2 0.4605978267759657 0.3056419654267709 0.08130198891872346 0.13731579506457728
2 0.38781766678091456 0.48873326174498954 0.04847952283992143 0.18082410266556703
2 0.4481498999338869 0.7217754307870348 0.04897084577069997 0.19019910266556703