2 0.9037784463664575 0.13777023978366676 0.12417069469946754 0.07471005891829186
2 0.2834325771405794 0.5317245194457381 0.14698644136548786 0.05921609889504875
2 0.7624810589728679 0.938082324176656 0.060171838640331286 0.10907435124083734
2 0.13693944078575968 0.7545178912175942 0.06444475045904197 0.1233553725281606
2 0.45894417848861024 0.13152169569641053 0.1385201081851685 0.09824039406758574
3 0.9329213626064103 0.875428776910432 0.1295596963664579 0.08363159084927715
3 0.6647788166795978 0.388273712292157 0.1558830803053816 0.07304365211335746
3 0.5568220218400471 0.6168689698337256 0.1649710378817268 0.08921495533166617
3 0.15648756880562967 0.480124178596461 0.06401418682355997 0.14662898156266807
0 0.2591169429117916 0.8904550272394083 0.11749000212603189 0.13560935409082903
0 0.9296380263819751 0.5497239365653581 0.13643144970043758 0.10120150310209315
0 0.3151136565278769 0.3583852084337592 0.2078760150029096 0.09143837303236388
0 0.519161493670396 0.9358267834435946 0.17334151833688943 0.10611287822814361
0 0.21348635214542858 0.6550038462971587 0.19933019136548785 0.06287633045771682
4 0.6196882968448962 0.7494354513963938 0.12193851500290939 0.08542903763096846
4 0.6856807322913305 0.5396558958322966 0.11546537439602603 0.06322625569998319
4 0.42179460697722054 0.22835313703022023 0.11506676166892955 0.06785912537815228
4 0.22960736485312827 0.13878862043447376 0.10460749379108218 0.09198504022885845
3 0.8946738686461501 0.32123294980690986 0.14974465060882308 0.08348947921687966
4 0.819895461997587 0.7945069228196033 0.11329696757828493 0.07472648441265975