2 0.5119071675237116 0.5662712310013893 0.04792412322831048 0.12054954255305557
2 0.10687243794213167 0.6115758924768057 0.10739832694917477 0.10241844481350704
2 0.2738144343987526 0.37620470298163217 0.14385169292109107 0.05096570079743064
0 0.6836085527329216 0.5976335998268409 0.09959575063297219 0.1248746730620141
4 0.7648188911148418 0.44392867799909785 0.11140378067003916 0.08299629758704867
0 0.8105951494675441 0.6779958598948271 0.15890626324684404 0.10205607532246538
4 0.29947417722717645 0.22355248166697944 0.052356162884024206 0.09098932912218753
3 0.5377107872086431 0.20798660552642406 0.047323922502670965 0.10336204255305556
2 0.7559027373013103 0.3186195534740631 0.0814905913771451 0.12055019576343753
2 0.2539507906672041 0.7659029826169099 0.10985120435383652 0.10559799620027768
3 0.36411447515077466 0.8130345153863198 0.13543155771188112 0.07809124525034719