3 0.7433233635011062 0.6012090498378935 0.05580155933798814 0.07889128742738745
3 0.5459039118414323 0.6135400376367844 0.04389447780418312 0.13750215405277597
3 0.5485964010442628 0.2559073201017731 0.05912839149649329 0.11252142473094037
3 0.49502572822839036 0.4904685647250897 0.14972823547785286 0.03422095037150363
3 0.3950168406805894 0.6605520864367114 0.07118976099766217 0.0764940334984459
3 0.33070127386942405 0.4118813000427813 0.0763392022843739 0.09308222001621065
3 0.17302344151042637 0.6693235806457432 0.05251153859206381 0.117662688998964
2 0.7542697510489071 0.43527368073130557 0.1373233238601351 0.05544097890755069
2 0.10364002117013167 0.3330800196447071 0.08534734937994445 0.09895123035529281
2 0.27952709233097456 0.2849035771310865 0.12935745850815117 0.08387419396136267
2 0.7135935163962468 0.21921418714144641 0.048202546890433594 0.10189213978475227
2 0.32542789772027053 0.08362786745395803 0.06690500269929238 0.09186432237357552
2 0.3638527029090738 0.16651098800828795 0.09055506763635793 0.06494010339082217
0 0.6434451145267914 0.1315365587292336 0.09461560560372177 0.08770551530148092
0 0.16078078279249372 0.49741219334219017 0.0774639944009226 0.10792597001621065