2 0.14717954668514627 0.43026985001590834 0.10158963317182246 0.05738633334659031
3 0.260394366751303 0.6985573206954078 0.08086186993027074 0.07353804467695398
3 0.35270292700697714 0.4334419453771344 0.08543475544788164 0.03846361067790856
3 0.487339642982305 0.5950345207272245 0.06348869963168298 0.04835623134149962
2 0.5289858296245377 0.7329072380649061 0.04873206696406349 0.13873578333863607
0 0.8552916035097511 0.7218724774426768 0.10000498986054111 0.14635792667886313
2 0.7957916453280935 0.5072918094366317 0.05654456696406349 0.1388266900063634
3 0.6506705334435945 0.4525213987507689 0.03468063861970414 0.09407726400381797
0 0.8168479184570023 0.2725719114417223 0.05322282500983526 0.15830339600572696
2 0.7160873558555396 0.628920814091314 0.09289733020561534 0.12285679201145391
3 0.23306849815841463 0.2407993646960441 0.08241901609154337 0.03998974801081765
2 0.37818997402109955 0.1839419320496341 0.05912326374575487 0.13105055267345422
2 0.4947001308260339 0.1532924633990879 0.04695676349365332 0.05753123667249973
3 0.7694487585499747 0.1752241967695407 0.028447064114071986 0.08307612933640893