2 0.6244026089769026 0.4836176447972635 0.10560364474715093 0.1278900468904336
2 0.7242613678682428 0.41221439624715606 0.1722431811410811 0.08778711037760659
2 0.3936962644774206 0.5228973228112281 0.1756592795695046 0.09427390871793265
2 0.13102509822353564 0.3793178792494312 0.18294308664159917 0.06680010415382931
2 0.44025466480614295 0.07484998650353816 0.07611735194308018 0.14667501307225456
0 0.24406432982168277 0.7436502985408187 0.1305672574435981 0.12900318361304192
0 0.7397515889179107 0.2467786503963409 0.16265416542531524 0.14933991701630234
3 0.2550341406133218 0.2406912419021229 0.14736730562435252 0.03841407241024273
3 0.10040002874544425 0.5521284172167951 0.06321493755122196 0.10365871888111347
4 0.4639831474377473 0.35097385600470715 0.14275473428423435 0.0730967257295907
4 0.4664145188206468 0.6832060155478323 0.09982452564056317 0.1040973493799445