2 0.260371244177208 0.5644643264010206 0.05437095913285113 0.17253968811176765
3 0.14990734085786012 0.5543403035355299 0.03386828236828645 0.12818948738612831
0 0.4180788456317449 0.4783234736759482 0.10646625539858476 0.18137154028868582
4 0.5916930217716097 0.5337352038905003 0.05999307448483524 0.14390625662342202
2 0.5013272082844366 0.5995114821134686 0.05839560830301416 0.17423859736759476
3 0.7630478035151962 0.5052530837422328 0.050759784442878875 0.12488343811176783
0 0.22384971325881406 0.7880010301218849 0.10493964419578558 0.2023561628840241
2 0.38842077612128717 0.8180308144201212 0.05898760415382922 0.18205109736759476
4 0.6347988686527544 0.8125348156860654 0.048333524069916756 0.14427827885594055
2 0.2990006493706557 0.29243555897782547 0.09578886452679143 0.1638566580747008
2 0.6230678792494312 0.17137161314632748 0.07383135415382931 0.18256945253973794