2 0.5122134733281609 0.09170515268564916 0.16698007697140155 0.05959775834134229
2 0.20090956938535784 0.2089185043353245 0.08078722758022465 0.12496989717254614
2 0.13485465043964528 0.3814667390667596 0.09883572591323472 0.11801655961365717
2 0.215771099970905 0.7490363649384728 0.11768144970043756 0.10182492309152753
2 0.7676998749757542 0.5727632057013905 0.1614315786383914 0.06764470419430531
0 0.4269781196849203 0.2806691993398157 0.18749974212409218 0.09241982026407376
0 0.5474038661817625 0.7533760930719919 0.19268157863839158 0.07037872492949049
4 0.5581332984633945 0.5174091987741678 0.13807382697140155 0.057068789161296075
4 0.1706173230092018 0.542004406408843 0.08507624379108218 0.09199130183796278
3 0.6614331258938381 0.3447051391605106 0.10511767682162035 0.09995006479745357
3 0.7569524042326672 0.1912978836938904 0.05652068015560019 0.11276313162115734