2 0.09913913144438116 0.23440748701054978 0.06950602817462048 0.13807343639013112
2 0.559516851824067 0.5205620523851294 0.09241960475263547 0.10773572636688797
2 0.8589531191242724 0.6232981943590282 0.07130860870696835 0.12495607735562367
2 0.525015812317921 0.7253698846844318 0.08736469022789901 0.11750956411407198
2 0.4246126112156071 0.5555329960647276 0.10300959486680376 0.061734811516181765
0 0.2595035588578799 0.6904439555837676 0.09710710475263547 0.10806350829787323
0 0.8301729086304185 0.4140653059914257 0.13543743429640004 0.0928262743894166
4 0.6463854990485979 0.43471166971751013 0.0904286818249421 0.07799359604505725
4 0.6362689887056556 0.7791118797407532 0.055142439239315874 0.11058222091900642
3 0.47761164133021283 0.3076143021330279 0.11273476334587293 0.07098412537815228
3 0.394304323192336 0.7676452299731842 0.05785094517081486 0.13881648156266807