2 0.38643561866976295 0.27794599749136106 0.14995607735562366 0.0723272806460784
0 0.6180301900733018 0.38614186357552194 0.1367183860218141 0.11697127718603725
3 0.2298150060289593 0.5569861931564675 0.05552301634364491 0.11444184338392897
2 0.4251546392007818 0.4929369861226546 0.08766352698730664 0.11730951680591381
2 0.5443584712479825 0.6041543759328116 0.05926537537815228 0.11225726087441501
2 0.7874800405578346 0.5475064920169725 0.13601926349365331 0.062411111178426106
4 0.23582543336491257 0.8052499382135515 0.07704845507956452 0.088053098326845
4 0.3892617898015299 0.7834174060845985 0.05840771572322634 0.08885159437251211
2 0.6318809785374496 0.8007972711801761 0.06146165990702759 0.09910334486680376
3 0.22848064305917956 0.15272711608416092 0.11016160383872728 0.03798677273741298
0 0.5387897123690315 0.09334155133196298 0.1977762183211162 0.07661287403000734