2 0.2954563086410012 0.1959905261198961 0.044260172024180734 0.17910692496187502
2 0.7355080492918656 0.3226706206284034 0.041725518021953435 0.16264612357510416
2 0.38194505525941247 0.5535685964083684 0.04328801802195361 0.16268249116628475
2 0.45374568789786834 0.7631085569894449 0.069541435351681 0.13673824021635425
2 0.21979740189373217 0.7881403521079516 0.06195620202099903 0.1560876522604513
4 0.5689883325509599 0.8658179425323963 0.06845110268140839 0.11015755642076393
4 0.1583081079328667 0.4983498470739585 0.058640298018771866 0.13960866707809033
0 0.4940750746340015 0.2521898939954171 0.08344085069222604 0.19017236474138902
0 0.782354135264185 0.5277224497505909 0.07769938068904433 0.16660757817225685
3 0.6082808359325486 0.5111674633339588 0.031823806691589775 0.18428473423243047
3 0.8334161012492312 0.6390970140551395 0.06981360801240868 0.09300642401194459