2 0.29765625 0.17693393722496845 0.0421875 0.17984400889724855
2 0.7390625 0.2753542608000528 0.03984375 0.163342258402957
2 0.38828125 0.5287100014456938 0.04140625 0.16340592539915128
2 0.4625 0.7334983191264601 0.06796875 0.13792576433445589
2 0.22890625 0.7734852850575217 0.06015625 0.157138679353484
4 0.57890625 0.8287551279099781 0.0671875 0.1113314308363588
4 0.1640625 0.4878462153995889 0.05703125 0.14060509536109525
0 0.496875 0.2203788952101835 0.08125 0.19159193380210837
0 0.78828125 0.4772550004199295 0.07578125 0.16793159931542795
3 0.6140625 0.4718538704956042 0.0296875 0.18480342292769336
3 0.840625 0.5852784060474174 0.06875 0.09420759783255317