2 0.2731566359851548 0.5093157437958137 0.138772994985435 0.05336493664223276
3 0.5815685295586641 0.4814867666726211 0.13608826418576497 0.04148229567674004
3 0.731392684810656 0.5187632555247562 0.08301473997087001 0.09312692314857926
3 0.5737152624699053 0.3192052879599445 0.04160012978345584 0.11673938576971246
3 0.29165292022917955 0.3647627144627186 0.07790970282385157 0.10524451089576328
3 0.669771908550697 0.28430612805291694 0.08687552586424747 0.09183757475773362
3 0.8490274995377816 0.25689740403181743 0.06500653754272996 0.14410491510280768
2 0.6824851380302189 0.7750403886965788 0.10723348997087019 0.09482046312533629
2 0.7253438909332128 0.9027776226050352 0.10638404381093611 0.09242208280350539
3 0.483033055818623 0.7271431101197882 0.07656015149106814 0.08565863057393237
2 0.5583390003957114 0.11361085182191495 0.08565400666391768 0.10344706411407198
0 0.8823437678801817 0.40643858212407535 0.0767791118367672 0.11997900025210147
2 0.815365834190153 0.7680969839853311 0.1295116552519918 0.05661562278026224
2 0.513241044535852 0.8236685488557078 0.07136418613080409 0.0946512183211162
0 0.38308218309479625 0.8703464429232934 0.10033027210332372 0.12552415990702742