2 0.28173899592767015 0.7673800090451115 0.0616412641334942 0.1652841632744117
2 0.27919941485629124 0.54052758197589 0.07405937697836444 0.16437676051544958
2 0.5803734905006033 0.6381173914505429 0.09005951322898298 0.1426212692218769
2 0.7157731592020817 0.8431058638609231 0.0948665219354103 0.1600134871097012
2 0.4914836516273082 0.41375147727162015 0.10824294719560949 0.10306080223856355
3 0.6568386567156909 0.3429487336031983 0.05949890999505136 0.18387038896415203
3 0.2125387008136541 0.2051356365893029 0.05357645861557021 0.189792840343633
0 0.4757213692879899 0.8414327419709412 0.13899498021229634 0.1249291581860291
4 0.8625950910210015 0.5376005715719822 0.09482890038411255 0.14442943068726616
4 0.42475541779696735 0.196000733264514 0.04597864258219673 0.14888123530067893
0 0.3532566333099425 0.34807448835289667 0.13500684305716648 0.12316194029820453