2 0.32634377665500053 0.10118378018867713 0.12772610534690845 0.10589474317557443
2 0.22841206993954827 0.45619230376232567 0.08802780601527208 0.11653899069437515
2 0.8938387172979108 0.3027101244787621 0.09385963534372692 0.08089258912279851
2 0.36037749590232265 0.7367060572769824 0.16063805533895437 0.04886564722835054
2 0.5171803845480965 0.8979989298982268 0.06457212468172671 0.11388487158778701
0 0.5653126332750027 0.456250231593638 0.04760280068427196 0.1318343509096227
0 0.8984427592695938 0.5116313602107385 0.07887098201781732 0.13485234305173996
4 0.6753410665977304 0.5395422286981539 0.11626134667409058 0.06007282092583353
4 0.6687301766390922 0.23438169375196574 0.09833805000795408 0.06314216294411609
3 0.380384744629229 0.293647416044488 0.09698463534372684 0.08103813833701023
3 0.5810723512492311 0.6469308895753553 0.11561645667568143 0.0717551836222805