3 0.1571799847230883 0.40586236890919114 0.07339314135104465 0.1350747092838688
2 0.2861418734086329 0.5367643106127715 0.10105506468808993 0.16417072640273175
2 0.4736958700668151 0.4621986998800283 0.048384598026726164 0.19982882171465502
3 0.4771544880251352 0.15471686690660638 0.073447685351681 0.13976220928386876
4 0.6274732087046346 0.2396857449150962 0.07730848201781733 0.1361062831579921
2 0.7479118833545445 0.10843814004244916 0.042779488025135134 0.18775961829088234
2 0.8110589627227702 0.36161440238095033 0.0970851800206809 0.15845165252860854
2 0.34924349944299493 0.7860343229512725 0.07484710069222604 0.1929372740586935
4 0.61724915945254 0.8392246699612388 0.10282610268140839 0.11510217072720579
0 0.8470991967695408 0.7040929966131392 0.1013368753580444 0.18838947640273176
0 0.6223708220878141 0.6074740222129922 0.1250561860279987 0.2141101696474717