0 0.6344159270027427 0.5889210417954349 0.12063148531769166 0.1670595674285039
0 0.7170377584770554 0.15712929467037276 0.1338399607105858 0.16658120636839735
4 0.17471547952672334 0.3668691513577292 0.06621365901517465 0.11825553454774695
4 0.3527398180303493 0.19862997907803676 0.0771147717116217 0.11836710485118865
3 0.2570550603773542 0.6361933651429924 0.07035750351465672 0.14038562606301602
2 0.5109292311793532 0.6821285210426495 0.056930704300445 0.1361764871231223
2 0.8127228635205075 0.5782870754250978 0.09030613047912724 0.13423122091226497
2 0.4256573571103666 0.585572127560828 0.12602315260503386 0.09901106909549373
2 0.6069158575246514 0.4194216137658665 0.1641224660872691 0.0982296901575399
2 0.6126285483856422 0.25583747482597297 0.06556084160399785 0.13765923879011233
3 0.8261560090962281 0.39525143481821423 0.15921448821317555 0.05969334864227083