2 0.3133690952887525 0.11590280246570624 0.05499313861970414 0.0962885018090223
2 0.352612275726799 0.2337177442342488 0.09607160668871888 0.09377101141996072
2 0.7042897541873738 0.29156902928710055 0.0524854976542116 0.09382192107632772
2 0.042412831038794556 0.4064303844415963 0.06454845507956455 0.08822701831736576
2 0.695986309247268 0.5216283435114517 0.12198961448238918 0.04142061736742608
0 0.6550160098873571 0.18362041044933644 0.08322739926336595 0.09932497060135784
0 0.0892774873395259 0.5822249225466658 0.0741637556999832 0.11441770409301455
3 0.27971645306275217 0.48584348824135504 0.08824268119435104 0.10425813206674714
3 0.308907654283919 0.7474084300098977 0.08971234604505715 0.09188096279944169
3 0.4636005081226463 0.7058306823847468 0.04475476114786474 0.15023901741285445
3 0.6642560719846167 0.6859741265281385 0.0677662902288585 0.10084984905006031
3 0.0768217739620881 0.7603499225466657 0.04694569183801278 0.1036506224558087
3 0.41384044476487897 0.5714423942796774 0.15541947351689647 0.04083744120271575
3 0.5278147354979404 0.3218341406616327 0.05181886213660043 0.1288143967660682
2 0.24976079131413922 0.34652536069716366 0.11044010928660893 0.07662113297125828