4 0.6115079836140155 0.8378400626581751 0.13406593528498317 0.09435792969333896
0 0.16538628357464688 0.22778674400414398 0.12318146790822788 0.24824490901517465
2 0.3058322114452562 0.1682211912752756 0.07396537650146531 0.20774403349844603
4 0.25049747673111433 0.4928423556671337 0.09780478311753633 0.16128856451569257
2 0.4117572647915665 0.3052053068672068 0.06841571345960347 0.22464043507002263
2 0.2666451056668565 0.670656986560546 0.15667576433445599 0.07513704879992708
3 0.3595899979484716 0.7817335736164298 0.06570986612134196 0.15823418507002263
3 0.6854282336511967 0.43983490219525834 0.05912162650146513 0.2070526747309403
0 0.620718429316303 0.3056097595150219 0.086812886387297 0.25512845574818693
2 0.5259126066926207 0.2593405351555851 0.07184446098814554 0.2131036215877872
2 0.477814710419492 0.5594518511190198 0.09946012501859051 0.20191356451569256