2 0.3289255260184537 0.1645763672010642 0.05419769867918127 0.09683533524981476
2 0.7350044453771344 0.38663233520333196 0.04881985534690845 0.10416938162115734
2 0.2830879567154523 0.38377613506152725 0.1141085006763177 0.08100457516504615
2 0.7478788047421784 0.6211146419422671 0.1254363520050905 0.04843608294074055
2 0.08753964672181565 0.4134951549482405 0.06285508334659032 0.10305594095199062
2 0.3779726480346802 0.28827699882222146 0.09553122334499946 0.09420791272393494
3 0.5603680720480433 0.40257181908629525 0.04256985534690845 0.10362257747412026
3 0.3245680267345423 0.5278870114988883 0.0713033826782267 0.09130779665416658
3 0.46315890674726906 0.6336667027337028 0.17534544533736351 0.0449980161170366
3 0.5296117047660409 0.777621045759212 0.039781210017499194 0.1322554254006018
3 0.7271679574315411 0.7863199769092578 0.05125451201463562 0.11218693317629622
3 0.14862533410244985 0.7669222427899534 0.04957383334659031 0.10189398213953708
3 0.37764067210372254 0.7963239446751844 0.07765338001272663 0.10044835080120365
0 0.6751107300286351 0.26978729632485987 0.09654883068109026 0.11458876324231468
0 0.1490418627466327 0.6015022943450923 0.07093121268299925 0.126395696135787