4 0.34339779201796644 0.19720884042444473 0.11738096215838478 0.07532926795177093
4 0.5173933088081893 0.3419979296146185 0.12198661660488845 0.07309462072531261
2 0.5445312168828902 0.25896787727791715 0.1566145877489479 0.03643107532246539
2 0.7726884440173996 0.37530596456822984 0.16282987141421187 0.08029017809600703
2 0.25398059483570606 0.451585909478646 0.17128721215838477 0.07658394984750014
2 0.27603166570961307 0.6037848423243057 0.17888145734906136 0.07051578780340292
2 0.8643898159797654 0.5033238214258341 0.15868800843752026 0.09580607532246539
0 0.5707266068166057 0.6059526332618408 0.19484376324684388 0.10289252991961817
0 0.16512396987811512 0.28688567021222233 0.18785715326537736 0.08165330955489605
3 0.5588119385751039 0.4993389573500352 0.15223711179556504 0.06755378875333343
3 0.3985366043695349 0.7677044848011114 0.1763913744094368 0.043916920212222266