3 0.19430732571982462 0.6966443654237622 0.07100051973975678 0.1591592343909035
3 0.45278115977298067 0.6916394400106842 0.08617613433001133 0.09187253067003916
3 0.6043343653562216 0.6602952146902735 0.0463416787467704 0.12711806070710593
3 0.802121023283501 0.6570685548862922 0.073726199104836 0.0922172710513923
3 0.517928891112958 0.5161880614248961 0.1544464705426357 0.03813246097725838
3 0.583228014341086 0.28227934209493527 0.05018856955518665 0.08983631551642937
3 0.36494598858434946 0.4157465734057957 0.09509005937615385 0.10933284918169335
0 0.18272257633813344 0.5037028972749276 0.0784532718992251 0.11732639845605383
2 0.10752590992986422 0.3155555673305279 0.0803266525286086 0.09790427586071564
2 0.30751661551310516 0.2859028167823737 0.11881865360834273 0.07820190027015243
2 0.7452075801956448 0.2676687489885097 0.04335757865448535 0.09271577885594055
2 0.394507870911776 0.18370788892222512 0.100619366131414 0.0861408858421822
2 0.34278707973421946 0.08212554155463028 0.060164346853082584 0.09953869773041453
0 0.6735748072166855 0.17162707349061374 0.08793889342931002 0.09505209437236992
2 0.7936507819213744 0.4884004004397885 0.12213461829088228 0.04479912322831048