2 0.5728310774304435 0.20395906043090112 0.08858388106398571 0.09552530347041026
2 0.3010505118381075 0.5477155062041863 0.13821734818322887 0.04695104567674004
2 0.848992772758131 0.8749974521526983 0.12297498545613231 0.05054593924012281
2 0.724439182909852 0.8717253506597598 0.09661965060882309 0.07977461733238086
2 0.5459314166989945 0.8926448659949984 0.07445760818516849 0.09376070767745474
2 0.7638041850358839 0.9825956546920288 0.09376571757828493 0.03480869061594234
3 0.5945619115288467 0.4035602226837172 0.046045307885606054 0.18343521287323467
3 0.31638898516626834 0.4120729371464358 0.07000922424624481 0.10587829542463859
3 0.8595811336490596 0.39568129274987396 0.07407484197431095 0.12713593639013113
3 0.7525969074459609 0.6266749306132734 0.09175667848861017 0.1058454444359029
3 0.6020390559287521 0.5617715604309012 0.19070461939505617 0.04285340756123901
3 0.6914848378914251 0.3823732735562374 0.09111894970043757 0.0980329444359028
3 0.5294298297256532 0.7951689324548588 0.08268469636645773 0.08035377153942509
0 0.9003651145632642 0.5336947449794469 0.07739116061076282 0.12969820767745457
0 0.4214734216999642 0.9095760038583979 0.09551940727678296 0.11387646572322652