0 0.44808045725875134 0.08390145070211245 0.12756981556176558 0.07127189167768551
0 0.7537534686573988 0.558114720151132 0.091858381123531 0.13398657564431193
3 0.19956933443359012 0.24166079828183476 0.1475504288391571 0.047418311849502
3 0.29096577427040937 0.1240395290599579 0.06341222717948317 0.046121405472495436
3 0.5480660340186716 0.22261871268790007 0.07624411390209147 0.07169461555840373
3 0.44549621845690607 0.2925804098835096 0.06116356556176541 0.06779168758467105
3 0.5626110182471248 0.3798203810506943 0.0666439709557057 0.05796298620519007
3 0.44465115579492565 0.5501915140219525 0.06437107593472771 0.048506099050060314
3 0.3098123692774543 0.6763146800098976 0.06362571473192853 0.0694770183173656
2 0.6751613302844053 0.20895460312239017 0.06783961805127632 0.06347267978275495
2 0.8116325491655185 0.14344138851392613 0.04606062904893875 0.13547715456798431
2 0.8044451659673951 0.26909980778123155 0.07362859937994451 0.09879270409301437
2 0.9476157481259001 0.22813621381955382 0.06418274440092234 0.10763543758467105
2 0.4606994404382972 0.708092545229617 0.056430366601383855 0.15936503392119797
2 0.09922302447090202 0.4157777289691008 0.0858326014545369 0.09554155133405243