3 0.7359150323827996 0.6295485402095701 0.05490634793281686 0.07685339149054773
3 0.5384590414820984 0.6338234706331418 0.042305020819490835 0.13613294272021187
3 0.5453170041620531 0.277400753810629 0.057840383250277225 0.11045168667008758
3 0.4890424275101527 0.5090643651487516 0.14940851711886313 0.028202788933023904
3 0.38710609499815607 0.6745626210024842 0.07033108883351806 0.07381929508134384
3 0.32572280227943995 0.424044991415793 0.075288699104836 0.090248270979043
3 0.16513096544850675 0.6742909519917898 0.05115958667404978 0.11587953005422928
2 0.7487888648947963 0.46456843482337584 0.13674783081395353 0.049995975701307316
2 0.09970291794942869 0.3362642320460191 0.0842329025286086 0.0957670179539809
2 0.27605586443337105 0.2953796359314029 0.12844397748246603 0.0788431383672898
2 0.7106521074935407 0.2475218353891099 0.04703329117755661 0.10023634933607006
2 0.3242769116279073 0.09658761192729778 0.06586363433001133 0.0894124788245653
2 0.36171515730897064 0.18077625956616564 0.08984255243632351 0.061437469749378956
0 0.6415633436138801 0.15726499493183446 0.09363818090623859 0.08410735528799843
0 0.15489796498708142 0.50241140681225 0.07623992982650449 0.105092020979043