4 0.07660899355709234 0.27961851581733077 0.04911473175143151 0.11837992688202607
4 0.7518610619551703 0.8874640741809191 0.08177269564707804 0.09315443380210837
2 0.32414200282867034 0.13427281821223905 0.07914714451560982 0.04462143330781676
2 0.39132495764913056 0.13622924904859787 0.05683178298109546 0.1022920118629981
2 0.3299951523142499 0.8718364852084335 0.06929087636523726 0.09577009783255334
2 0.5307673119551704 0.8784551942194128 0.07716246369925486 0.10624468281352506
2 0.5452145895735127 0.5424049476794538 0.06392212031511306 0.11273476334587293
0 0.12387189646051747 0.750964275208871 0.07197551483072293 0.15445934832684483
0 0.168811170857406 0.5544049515966055 0.1108243913923519 0.11933227323170463
3 0.3010640928931624 0.329379729771226 0.020644818987253188 0.1922020874524298
3 0.7165305324901162 0.4533145672608369 0.042932909444528634 0.12984400889724856