3 0.6021210362937567 0.5203540201247667 0.07440003921676368 0.21029865399835046
3 0.3144029356644124 0.8093556503039337 0.05690304066665623 0.11312813730530316
4 0.5101522209324839 0.8699197626029193 0.10502030933798814 0.07944947077054039
4 0.2358206074545996 0.5707681749145401 0.08627123195336797 0.13035274122451135
0 0.2602350699114431 0.2177113710744741 0.07461260415382931 0.18224185015828454
0 0.13240145475995163 0.4747773764847505 0.08943304336594857 0.20294079506457727
2 0.5841802101585364 0.28389969457708836 0.13404495850815118 0.08185305674305984
2 0.4246061458461707 0.16771606809233794 0.08210487282516113 0.14738111685133198
2 0.4531311197016616 0.3056419654267709 0.0844602782191016 0.13731579506457728
2 0.37611556596275075 0.48873326174498954 0.0526784045687478 0.18082410266556703
2 0.43095274085321567 0.7217754307870348 0.05338879958972598 0.19019910266556703