2 0.415625 0.159375 0.109375 0.10859375
2 0.18828125 0.17265625 0.11875 0.0984375
2 0.16015625 0.48359375 0.06015625 0.16328125
2 0.15859375 0.66328125 0.09140625 0.1
2 0.15 0.84140625 0.03203125 0.16015625
2 0.5375 0.8203125 0.0359375 0.1703125
3 0.6984375 0.12578125 0.13125 0.071875
3 0.5453125 0.4234375 0.02734375 0.18359375
3 0.378125 0.51328125 0.0453125 0.1765625
3 0.3015625 0.40859375 0.03984375 0.15703125
3 0.73359375 0.375 0.16328125 0.08359375
3 0.81484375 0.57421875 0.15859375 0.05859375
3 0.72109375 0.78515625 0.090625 0.1265625
0 0.35078125 0.80078125 0.10078125 0.18203125
0 0.0953125 0.29453125 0.13046875 0.11796875