2 0.32338837272382676 0.1416513064100962 0.05580738229073816 0.09311480032431159
2 0.7218616619824163 0.3354202662287591 0.05056595282385157 0.10083184293798535
2 0.26844950547678337 0.3642433267026357 0.11534986685133201 0.07307108157389966
2 0.7252210280423255 0.5691912942319363 0.12609113855894433 0.03968188311602709
2 0.0709918322781029 0.407695497564368 0.06456025666391758 0.09873355478853849
2 0.36756661856719164 0.2620143993480816 0.09703177586424747 0.08758754910649555
3 0.5459523798499627 0.363615629866321 0.04431595282385157 0.10072274878218401
3 0.30420148588074203 0.5055638019458694 0.07279029381093612 0.08638355925276535
3 0.4389736394833812 0.6017138733734992 0.1758638180258309 0.03274213636243815
3 0.49979381604727385 0.7411269752399383 0.042032038796371296 0.12957445170428325
3 0.6977001186336986 0.7359833279171564 0.05313702335696498 0.10868525324641087
3 0.117884586501245 0.7571284817360555 0.05127900666391758 0.09850172970746059
3 0.3465180518615089 0.7704990551922802 0.07929034639736088 0.0950864034085667
0 0.6665185956059381 0.22267875851812136 0.09840405925034226 0.10791368587597079
0 0.1250475318032492 0.591544392044481 0.07303198620994644 0.12152617248329012