2 0.7791275439029934 0.7896113510656103 0.054097668421519175 0.17090236188449898
2 0.8419305082896195 0.43429578435364835 0.06664766539645725 0.18037019703379292
2 0.8109521773003138 0.21449673658322127 0.13496587334017535 0.11095891535490914
2 0.28111222471934866 0.7626921160718729 0.05795846662612103 0.16336301349365331
2 0.7177617552645572 0.45157575552475626 0.07747608108750156 0.1623850215394249
3 0.5336463513791735 0.6434293917986718 0.05284424063022612 0.22391810124083733
3 0.16052038524403184 0.185730414346503 0.051127204525872605 0.19724634059717552
4 0.41778045686356363 0.6101084294296403 0.06103801483072289 0.15576903478097676
4 0.3946726714465812 0.13106006779724277 0.07028574980360833 0.1345495986429472
0 0.49931069535249045 0.2495754849937374 0.06672493344863373 0.19365144703379283
0 0.6561242976154268 0.33552442062756394 0.06609367437344744 0.21937806671196203