2 0.1858325012605077 0.3578594606786355 0.1406246360218141 0.11945419724210718
2 0.7918150674682666 0.24019965073410657 0.15359988342392406 0.138105486704646
2 0.9210540892597934 0.383283250847046 0.13571289691757754 0.19386266304124025
2 0.5337058166350873 0.7894308951900861 0.09619692884856264 0.19622952886860787
2 0.21575422008582718 0.572619910692753 0.14792368379224108 0.09031272881213823
4 0.5418150674682666 0.2547604926016024 0.12361745248167466 0.10990489199455275
4 0.4145641526175606 0.27472292405869403 0.10661562278026224 0.13381282885449064
3 0.3946051118076245 0.7857661108480446 0.04604946337743776 0.1800816131259449
3 0.49803148852315904 0.5036221978068045 0.104342928596461 0.12356557359281872
0 0.7753852182442418 0.7792768322617853 0.22556236473449065 0.12128898400322292
0 0.6906014007759751 0.4978973006211671 0.19928944183801284 0.11275614718563745