0 0.21274150771063774 0.047804680318141585 0.19371481818121908 0.09560936063628317
0 0.40617568222252276 0.19609739511949886 0.20024150771063773 0.0701969208631608
0 0.6681944411509765 0.19804151378946414 0.1830812812495882 0.07075836298477042
0 0.6206490596565072 0.34157868216296333 0.1613971960222404 0.08042178932136448
0 0.8963502633893853 0.4553402613703897 0.10551143465815471 0.1427250972703419
4 0.5070818429379853 0.033789323252752 0.0618199358759707 0.067578646505504
4 0.1678847495929629 0.16461769489361994 0.11504434740221221 0.06289338410204497
4 0.34095365137667655 0.4470221292638962 0.04747106371699221 0.08159090521931951
4 0.49467076095375334 0.5616321188817268 0.11970457386326191 0.06160389988706054
4 0.6720646984512818 0.9126045427286593 0.12325626785690744 0.04151891304124007
2 0.09342586079159756 0.558412468500556 0.05488414326229694 0.10387542889684287
2 0.24617080559602203 0.6621304607492227 0.13201365909060953 0.05139444198043534
2 0.3574509991826305 0.8097118450630291 0.14991422524323364 0.04853475248966177
2 0.8487467861175567 0.32672941395887334 0.14363695170428342 0.04660823144297419
2 0.8458998445562479 0.7460709481597403 0.07769039772652384 0.1137887551910847
3 0.20083143749752855 0.34960734492185475 0.1004596960222405 0.07687258411616238
3 0.6798191026739226 0.6400015006352845 0.11726536647693564 0.055998641994552754
3 0.9206648762161684 0.14579866139862457 0.042152318181219076 0.08986613680346807
3 0.6982892698855023 0.08523840592519125 0.08539775771063773 0.06350803413027986
3 0.16905670088691385 0.8590047317253229 0.0787483372559425 0.08497351045275643