4 0.4736282607739476 0.615324494244218 0.05077143983681935 0.1157383920651398
0 0.11568662882522393 0.534055023536349 0.0652133707505688 0.15235843152767875
2 0.3054586012308223 0.5874816733528224 0.04058022365499818 0.14547909997176517
2 0.2517541833893273 0.5506117339326357 0.08688653859206381 0.12017526308359247
4 0.1883941134778843 0.32014371295653554 0.08879165809323268 0.08372952886860804
2 0.31879293111424223 0.2665321365211194 0.08584517946385706 0.1372262551910847
3 0.6312202309044608 0.37889271253301254 0.047078677389264634 0.13885737364928846
0 0.8207293263357129 0.5704108965503529 0.1372533914964933 0.11766418408792756
2 0.44954660765509225 0.8917049837208744 0.07984363319812342 0.12987648677523325
3 0.17638271740799896 0.7996792945124491 0.06354228174358649 0.0379242052052021
2 0.2908228030909889 0.8738286970303456 0.08224658278320493 0.13079424466774087