2 0.7250759086972015 0.9114853637142115 0.06286256299888784 0.17183533524981484
2 0.8103503399425316 0.5663772067397206 0.07586309193808312 0.18152269354388864
2 0.7935855870999342 0.34190488704129474 0.14029034200867016 0.11331878916129608
2 0.23101436653323953 0.8062273335063883 0.0663137866905286 0.16436458784171287
2 0.6856310610033365 0.5641032243173598 0.08570852879802082 0.16372960080120363
3 0.4900547085419097 0.7268104014613879 0.0643942418957307 0.22482363421305535
3 0.14790833702934703 0.21081850574944414 0.061284652447309275 0.19812443317629622
4 0.3768413479762137 0.6752882747412029 0.06898376038216938 0.1568254899152315
4 0.38451296594030737 0.19304241126333258 0.07708468671876342 0.1357706961357869
0 0.4810932923757235 0.3279142802078231 0.07663663666229362 0.19480394354388872
0 0.6317009661520688 0.4384593838837487 0.07735697347987927 0.22051684302550925