0 0.2557963622517064 0.4605789971574025 0.10156619046151913 0.2112552893919517
4 0.7170973633006136 0.9541279309629814 0.11967480518880329 0.09097288147120892
0 0.6961370197202392 0.4722254835796999 0.09500853714217125 0.21709576571442835
3 0.7649839533332811 0.6006836835232302 0.05273668153844948 0.13140889469597586
2 0.4798669439860042 0.13295233902489842 0.05987559793005204 0.19482665258848364
2 0.4071426068531216 0.2920550522637827 0.07365375539858476 0.18162870257436622
2 0.5879809776036904 0.4511478731551783 0.06938065249415537 0.18682443678935065
2 0.6049139041677625 0.777255346846819 0.05908269253611156 0.20489189732681173
2 0.4774471419207004 0.5116009837914615 0.05920109170627459 0.2064543973268119
4 0.374785005822792 0.5732903707361039 0.09287642946385706 0.13763577886860806
3 0.4866034572819733 0.858256175913071 0.06349658278320494 0.12970218152767893