0 0.6891414747052867 0.2758746529040329 0.12951189894183326 0.07498363773194558
0 0.4755566910756238 0.4353779722893908 0.12189071757828493 0.0766896589437728
2 0.7330812460862919 0.738103585934571 0.0845659318225902 0.12330969636645772
2 0.6346432303344764 0.8821728371425192 0.10079683864033129 0.11299394970043757
2 0.5093886545710229 0.7167395425928326 0.06747415560979313 0.10406548879011232
2 0.5039850957673329 0.29878663910907144 0.09044927000387944 0.1098211522758131
3 0.598259964872525 0.6836397422932701 0.03630364606689511 0.16903691348570077
3 0.3862063750242458 0.6717622692549733 0.11956294303247779 0.06718711318613835
4 0.3917075916844469 0.5014815912254049 0.05105193015560019 0.11203748545613249
4 0.40400120015947955 0.24328632501454747 0.07627519970043757 0.09779951333591956
2 0.22145912243917198 0.41230803667377874 0.06313734197431105 0.12699280575957417