3 0.8866079006129161 0.36249173433578513 0.10680494901050892 0.15577438861970413
3 0.5984729135724068 0.3617551349365333 0.04941282257314796 0.11216114641337427
3 0.32093367393999933 0.35787711004291356 0.09068237153638865 0.11349405347041017
3 0.6229827724321286 0.5265278291203346 0.15633747436384252 0.047426293078850004
3 0.7647205045716656 0.5845802657625672 0.08628810598499967 0.08989266250491763
3 0.520724371207082 0.7422242489147192 0.10089741013203693 0.09712600829787324
2 0.30691827502402685 0.5083087987788332 0.139159536286574 0.06408391535490914
2 0.9798428812443859 0.6982049952315484 0.04031423751122816 0.10137111188449896
2 0.8600691266737023 0.8490358856928379 0.14737257747412044 0.05145822921687966
2 0.7758977611695815 0.9610798581575214 0.10537985857689805 0.07784028368495725
2 0.7309578251185633 0.8376781325907448 0.10076070909527761 0.09556350829787305
2 0.5525101963721281 0.8570351479259835 0.07855351842611089 0.10798709864294694
0 0.428339964515415 0.875528785789383 0.1151745236099071 0.1183125934471672
0 0.9099168444396287 0.5046628088414172 0.07642438190398124 0.12802644703379293
3 0.7054556454291199 0.3420596299928548 0.09185460080120364 0.08251720507956453