4 0.5349950579301941 0.5881697040348932 0.04548364773014448 0.11352668969514959
0 0.17074468982522087 0.5259044907284219 0.05824807218246604 0.14953236738824688
2 0.36494097070403325 0.5692146500747548 0.03387019780928666 0.1439227168225127
2 0.30771349241164564 0.5352936471478885 0.08148934389007838 0.1160795179539809
4 0.2206751790046682 0.3090442436552882 0.08510843738444543 0.07938803903121974
2 0.34468332884638364 0.24883851756119743 0.07964569906292791 0.13325338241536144
3 0.6669424252437445 0.34444749599297925 0.040696859329484525 0.136932373438371
0 0.8752957975053528 0.5253167426733295 0.13211146951689906 0.11090620462406839
2 0.5399172048024086 0.864714023316734 0.07397236058312587 0.12619031615858275
3 0.2588059456312086 0.7873101442210222 0.06193771034569906 0.03472952400410527
2 0.3802921522159839 0.855193056690613 0.07633884263643713 0.1269852016972024