2 0.2887916580932327 0.06078280151347287 0.11999411390209147 0.07532827189922511
2 0.47628184793005196 0.1625992180786256 0.0554482070582587 0.1777034978405317
2 0.36411038279713803 0.6714304048449604 0.10902072510489073 0.05363374460132917
2 0.5346731817621642 0.7570606169066064 0.07121399440092269 0.10874274676079736
4 0.4675375004242072 0.3476448465485408 0.09140717261537964 0.05716975478036197
4 0.3135389298880643 0.49097094926171947 0.0356908914964932 0.11190851711886296
3 0.6677043664008913 0.3991911528423756 0.05130423610255299 0.12301599784053163
0 0.8806746112260211 0.8683452637320024 0.12742810560372178 0.09135379009782234
0 0.15298086080181386 0.5373719872000735 0.11549679066665623 0.11857762415097853
3 0.2666611620419249 0.33853636412882926 0.03927875539858476 0.1797771375692138
2 0.4929089664055356 0.5995880783499435 0.06614798610255299 0.1239672285622003