0 0.4575045120146357 0.11046688485124838 0.12341077534213589 0.06555734318775
0 0.8062003820814508 0.6046497186692245 0.08354030068427179 0.1301647438516799
3 0.22169537603436207 0.2543976502711465 0.14499487400540884 0.04068460821486468
3 0.3031897293523173 0.14159818930236623 0.06065623667249973 0.04331872882456529
3 0.5701237853675893 0.25564355034590125 0.0718846380092268 0.06838236133812262
3 0.4732220607097252 0.3199191529034251 0.05700452534213589 0.06517100292686617
3 0.5985316907224519 0.41439183645025474 0.06313634667409058 0.05505111436318462
3 0.4949810714114964 0.5786219872123806 0.061464758672817865 0.04566702400410509
3 0.37059069342772294 0.6974214633064714 0.05936645667568143 0.06674713846548563
2 0.6966044693666349 0.24934861943135028 0.06398123134149962 0.060524409542724554
2 0.8279539193586807 0.19152300477357795 0.03749200401813546 0.13380282825883122
2 0.831761266709089 0.31731789031219737 0.067515311346272 0.09569884026088378
2 0.9716306466820448 0.284542272629363 0.05673870663591032 0.10501475292686627
2 0.5249605674331318 0.7381606136758136 0.04635847402131717 0.15729032523376904
2 0.1361680507240428 0.42341984016268785 0.0799698580124085 0.09186531313352084