4 0.36328125 0.5482801202934672 0.06953125 0.13336201495939476
2 0.22265625 0.6752059608250283 0.0890625 0.18695738433001133
2 0.6421875 0.699746994905871 0.07734375 0.16433141270764154
3 0.67109375 0.8305056415743834 0.0734375 0.14298733883351816
3 0.384375 0.7863506192137331 0.103125 0.11598355027685532
2 0.64921875 0.4705100778792929 0.07421875 0.17584990360834282
0 0.16796875 0.24279517658730204 0.0671875 0.21446182063492084
2 0.3328125 0.2174213440753054 0.07734375 0.18308141270764136
0 0.49765625 0.24986001156330878 0.071875 0.2241372092838688
2 0.6578125 0.24215454040236423 0.06171875 0.1898926172111482
4 0.78671875 0.3246339782484332 0.1015625 0.12682092072720588