3 0.86015625 0.2672950685949875 0.09375 0.15303876977166347
3 0.5703125 0.29863654638904713 0.03984375 0.110998508402957
3 0.29140625 0.325626105209746 0.08125 0.11112318380210837
3 0.58046875 0.46228521091378355 0.153125 0.0429581156270503
3 0.71796875 0.5051200152486771 0.07890625 0.08759018330781672
3 0.45859375 0.6914699866169461 0.09296875 0.09441318627356629
2 0.2640625 0.4790840276431478 0.134375 0.06016286167271758
2 0.93515625 0.5947078027776567 0.053125 0.09982092787060921
2 0.790625 0.7615344999256379 0.14375 0.04726361364988403
2 0.6953125 0.8927619366934959 0.09765625 0.09226043726214925
2 0.66171875 0.7644432771116753 0.09296875 0.0928506862735663
2 0.48046875 0.8038598986702246 0.06953125 0.10595818133065045
0 0.35390625 0.8363606753619702 0.10546875 0.11523502224312168
0 0.87109375 0.40825564962162675 0.065625 0.12611151384016442
3 0.6796875 0.2668361066554397 0.08515625 0.08003235129259431