3 0.14519779129135615 0.20242379626712176 0.12695450892306964 0.07945744926865136
3 0.5456993118367879 0.43950541599376364 0.14269790809323268 0.08129268465815472
3 0.42417154441485583 0.6630128741908689 0.10019017676456468 0.04544095941492117
3 0.9380070562377105 0.53748362541198 0.04886539772027056 0.09916024878218402
3 0.19065049462463718 0.7609629991892211 0.1220777547738848 0.087174491882325
4 0.48040343071325686 0.31078612662650074 0.1310500130722545 0.07172676988550233
4 0.26705040311885525 0.27226691761532146 0.10918666846619489 0.06120232710967279
4 0.4139892157808357 0.5286378741908687 0.13720492468997225 0.04998813758025413
4 0.6685871630908322 0.812074116887268 0.11086756763635783 0.06279210064862326
4 0.8569760794824346 0.8721507260606032 0.10243976099766208 0.07512845941492116
0 0.8820143975197778 0.3663586477331144 0.20048617468997243 0.05109271590774291
0 0.1589940624614878 0.5393470978092493 0.15745914772027053 0.10105575973923261
0 0.7719820823822197 0.6796280353133685 0.2322573155617654 0.06881204991727455
0 0.5829327444009226 0.09465083766627488 0.1904609018694554 0.09382964082666496
0 0.8521213748997537 0.12671944927524192 0.11690592531467203 0.14247960064862314
2 0.197353548363548 0.9423357301144974 0.12941665809323272 0.08106085957707662
2 0.32562972987877553 0.12652199513203133 0.06368583693238979 0.11970457386326187
2 0.8061408269836349 0.500671192375383 0.14032992468997207 0.050042684658154715
2 0.9704122014591814 0.2631188250876685 0.05081898402796057 0.12494149878218401
2 0.6409492603961842 0.9119065215136507 0.13037550684847724 0.08341824634655204