0 0.6646605789128907 0.20156691620555844 0.12610551042484133 0.06845814647650314
0 0.431352670757905 0.3863296757724699 0.11836120658477522 0.07057457594338974
2 0.6574759354058883 0.6631038097790677 0.0784098079967011 0.11936977711788863
2 0.5420829529568656 0.8194567613492781 0.0952563271970309 0.10815113229073817
2 0.43412936361913373 0.6664801770261111 0.06226197077054021 0.10094638605166181
2 0.4752654583006349 0.2453265910535915 0.08503188103709683 0.10551186559769077
3 0.5274989303913233 0.6231727947353729 0.027520909408626792 0.16784672954602903
3 0.31483980601814404 0.6348246632360576 0.11652592194503919 0.06115411183676702
4 0.33937210774663895 0.462381361903274 0.04534725541027633 0.1098212808788123
4 0.38055836355262673 0.20046638361088642 0.07143238229073816 0.09418792069139795
2 0.177514616917839 0.39137384309865564 0.056693932369880476 0.12420202962517113