2 0.24562041720828437 0.071875 0.10435230925276526 0.0703125
0 0.07201395292539461 0.484375 0.06217053774240986 0.16015625
2 0.06973483807331197 0.74921875 0.06957393465815476 0.13671875
2 0.4672956306869859 0.7546875 0.04266656128136006 0.16171875
4 0.45331454586338005 0.43671875 0.04882505803494937 0.11171875
4 0.3068974675358912 0.5 0.06643925202859488 0.09140625
3 0.16043334496987555 0.3421875 0.05459381696340308 0.12890625
2 0.34203394683631466 0.27734375 0.06337848173605547 0.13984375
3 0.5392186383943283 0.21484375 0.0997466298696164 0.075
0 0.7518848648586732 0.69765625 0.14270174310014117 0.07421875
2 0.29716831696999363 0.83359375 0.08991370819710509 0.13828125