4 0.21367737424069427 0.1957982581406004 0.11938708605604172 0.06711998021229629
4 0.12463109840513864 0.2912535210308992 0.10617857123840287 0.0695489393936934
2 0.4078806627096873 0.25369040253181935 0.15234440321038195 0.041536804047585994
2 0.6271761765773955 0.2417171042499846 0.1640449694147918 0.04136970771105908
2 0.13974433928708296 0.44848616689245613 0.16008482123840287 0.07237404624566982
2 0.11901034593659669 0.6335638517635938 0.1616473212384028 0.07245593340079956
2 0.7662665524336105 0.6846935775648759 0.10076502583555573 0.10515889077317446
0 0.4077319262930552 0.42811387041964377 0.18568488649288195 0.09946549072774591
0 0.7483744568782635 0.47881871381549457 0.15556162860909736 0.11271244120271576
3 0.4381603894395828 0.6330813314100632 0.08481271751493065 0.0902775192218769
3 0.2813810997363188 0.7484529466297826 0.1873369990500695 0.03634801503800524