2 0.35052947695776127 0.6772680445903646 0.15556673151356132 0.06963176483072289
2 0.7573772583866181 0.5217690409761273 0.14597192363517095 0.05239426785578516
2 0.7424858186840827 0.28097586933315444 0.19762542889684287 0.05425674970541241
2 0.7075255317112055 0.1432258844584649 0.11532813936371689 0.11625677995603341
2 0.7998561008188111 0.865882655339312 0.13603548151356132 0.0695181353422278
0 0.5213564584007354 0.5352446919346449 0.19932443678935066 0.05660959006449211
0 0.4913768869446423 0.11070777936685824 0.15916143934959948 0.13135051483072294
0 0.10979806114451078 0.6508590389330239 0.17744943678935066 0.05648232503737738
0 0.9080106500988221 0.10922411006157637 0.10217569198043534 0.13179996672431687
0 0.8246495164203 0.6683036733914888 0.1360046604104042 0.12262495462406839
4 0.08627215799132981 0.10209883118569744 0.13412437101845254 0.036705635342227705
4 0.48269431875466984 0.3537083456236369 0.11291649992941295 0.07485052995603345
4 0.8391725609327493 0.4323707185710286 0.15379212891096045 0.03916301483072289
4 0.12422676926289751 0.8861789153964569 0.10050750519108469 0.07634030708339665
4 0.5304543824594294 0.9291810442957772 0.09315773677523324 0.07083065046753845
3 0.2062375055440205 0.29661242134838534 0.1428623341867496 0.02582267749670546
3 0.2541612531249461 0.5204044453524904 0.09481124203690508 0.0724022408266178
3 0.5446967059110739 0.684649794295777 0.0975190130835923 0.07866587636523725
3 0.6077819928839511 0.8225634056338997 0.08590667889684286 0.05360678903121965
3 0.33449714035193717 0.9256964542312851 0.08310790258848363 0.04578065349260037