2 0.25913309739496615 0.10593432911591061 0.08674017473094028 0.056188245681063356
4 0.25338378763678443 0.5153791802879298 0.0334739336222805 0.11664608189368782
3 0.21783804756158184 0.3532506176725735 0.04665032981717356 0.18214067396640843
3 0.6098564195636539 0.4661334585086764 0.059257337675056476 0.15179183991325224
0 0.09342443672716164 0.5513598457733484 0.13432795822938637 0.12466693784606893
2 0.4494798074863793 0.20824420804725108 0.07230314722835054 0.16431162631044688
4 0.41787228081235883 0.3989798295773359 0.10367511765884566 0.08531454117755662
2 0.44321030521457694 0.7970959569675169 0.1023523662111037 0.14053296730343323
2 0.41894666749673926 0.6450933659745305 0.08040459160399785 0.13756865360834283
2 0.28229638399829327 0.7021572894795135 0.12077057237357547 0.06771603099852364
0 0.7730882421466264 0.959142223740311 0.12591399069437514 0.08171555251937797