0 0.7991546364777612 0.4532235740554187 0.07156181874690688 0.11366304508134384
2 0.23354292458283066 0.5093260447867564 0.13346095318850323 0.042951090162687854
3 0.2731520584586001 0.3798294423274283 0.052289518317365766 0.05888009631100797
3 0.37753526402195253 0.4906265626425414 0.033699970601357876 0.07673521682251269
3 0.5189614461795566 0.5805390112164857 0.05323454262762528 0.06200964149054773
3 0.6147010713488988 0.46856170686356363 0.0668876068519765 0.054278954722264315
3 0.6599106727738084 0.5602588483541113 0.0487141389641522 0.050268165592848746
2 0.6534825310961228 0.6829150983541113 0.07267726141996071 0.09023918061996347
2 0.5360559294440707 0.16488674013924678 0.07790034995457144 0.08558349687674208
3 0.675711571687583 0.24384805317457162 0.025972679782755036 0.06341306020665449
3 0.7770040767759657 0.3241491524124458 0.040161332541716985 0.05099941861791084
0 0.3472115196761621 0.7710044090517452 0.12900914857509047 0.09212893354682965
2 0.591415221055643 0.7786770502477054 0.10672471279944169 0.08418916851971492
2 0.7185542531678187 0.7833241645126943 0.13017217887824373 0.03980790944452863
2 0.6146336358003927 0.9022872670702181 0.09554487336031983 0.0645988311856975