3 0.5309441415268752 0.18848122300664588 0.13125130642076394 0.07549825262089364
4 0.31297735115802106 0.27514420650609156 0.12805357123840277 0.07217299352159508
0 0.7133605172861809 0.3842709916666685 0.16137521751493064 0.09615071406423077
0 0.2779510005686809 0.41253478253968323 0.1952592550339931 0.07725981415651581
2 0.5534244324644101 0.4840137685031391 0.1341587540840626 0.09986719694536764
2 0.23178712822784764 0.5406307017257296 0.16568020459715277 0.0465011674880035
2 0.5044628684442019 0.6259719285898868 0.11210191612815983 0.09065288325027723
2 0.2161108428929867 0.705004082355113 0.1303434230620139 0.10352312307124442
2 0.5763404812857298 0.7647526287744569 0.15332567496187507 0.05195013109080886
4 0.7752461874984032 0.5629757850036933 0.08661160685760408 0.10150074568106326
3 0.4361531988006604 0.8415783397563686 0.11001143284565984 0.03435281847545255