2 0.596875 0.24027748283158604 0.0796875 0.1512448583130605
2 0.75 0.5979803776417836 0.03125 0.18455680718159223
2 0.49921875 0.8705331302740621 0.0453125 0.174482370413309
2 0.3859375 0.7165046813073344 0.0484375 0.17528180113146802
2 0.38203125 0.3337149072050335 0.05 0.17763464149054772
4 0.5375 0.4914041664766115 0.08671875 0.1169107649289188
4 0.328125 0.28793477459328026 0.05859375 0.13393463846548564
3 0.303125 0.6044864703385542 0.06171875 0.15817156918364503
3 0.18125 0.43019551834676434 0.053125 0.14796532220870695
0 0.7921875 0.33523493794663384 0.146875 0.10554199375348405
0 0.59765625 0.7199604376520463 0.0484375 0.1924693011314682