2 0.54977394489362 0.18763653463759217 0.08648280254613142 0.09315443380210837
2 0.22696171629324313 0.5401925543720746 0.1373403762801244 0.04300719517081486
2 0.7342534876222793 0.8521778315952929 0.12198839206513981 0.0470580252088709
2 0.6089349692064278 0.8525532218997416 0.09490224729857691 0.07713018577927463
2 0.42572835608048304 0.8787616003411923 0.07237479991529536 0.09180018083635914
2 0.6303787877493361 0.9732318593434233 0.09219447625188941 0.053536281313153466
3 0.5436395240304591 0.38707811912427253 0.041806610353934556 0.18252333992388783
3 0.2615326793203659 0.4037748933073793 0.06763409200867017 0.10407734634967838
3 0.8123741134788807 0.37140267547351347 0.07120641304124006 0.12526659684397004
3 0.6718423058122518 0.6060893987817678 0.08941808674699843 0.10340618429640003
3 0.5289337399707665 0.5454490346375922 0.1900103499717652 0.03735937304142425
3 0.6444963687405524 0.36299597338261635 0.08896306043863902 0.09559368429640003
3 0.4227769323041377 0.7815364318621231 0.08093075256024881 0.07811968281352524
0 0.8341441557134297 0.5085498484012069 0.07446792093374803 0.12773768083635878
0 0.2976642692628975 0.8993858236494464 0.09299811305535757 0.11134601828878843