4 0.7559679140919174 0.59296875 0.06635379009782234 0.12109375
4 0.5683548974344795 0.7375 0.08110790252860874 0.0953125
0 0.8663604032945758 0.80390625 0.18743824568106326 0.084375
0 0.7542099452473247 0.34609375 0.09053176973975674 0.15703125
3 0.323540936148026 0.34296875 0.09423895820413461 0.09296875
3 0.5964043445367307 0.5046875 0.07169213217054313 0.13125
2 0.2631178824750848 0.66796875 0.12179226172019231 0.1328125
2 0.47269553670173636 0.54921875 0.059562371991510155 0.14921875
2 0.20778433065707008 0.4140625 0.10724890036914028 0.1375
2 0.5392567712809162 0.3078125 0.08791790946843889 0.140625
2 0.9600114580103366 0.54140625 0.07997708397932683 0.153125