2 0.4839048078851416 0.8748514126883042 0.06399086935072659 0.13176521046687384
2 0.29310708521645995 0.8785925207643388 0.07610906134627218 0.09968075256024882
2 0.34261837858054944 0.6547601786144942 0.08473917401336309 0.10330628149944392
2 0.40093360196531974 0.27899361014217294 0.05715961401972649 0.14854318678935066
2 0.28346374395291124 0.3636199681476202 0.07003178401495384 0.11416048151356133
4 0.7286178712205962 0.8734687361399487 0.080015311346272 0.09990826571442853
4 0.13020293129377455 0.29918719987294307 0.05979371801399935 0.10653769731269432
0 0.12681156524509496 0.657826452503779 0.08760109201940817 0.1479740393919517
0 0.23976719326863938 0.4908503260824803 0.07213972402131716 0.16112648677523325
3 0.4770757419239581 0.5883223784874373 0.036039139361862385 0.2121128631259447
3 0.6397950126114116 0.4445709204396378 0.04760280068427196 0.1323721552193195