2 0.5122134733281609 0.15577884028083672 0.16698007697140155 0.05101440689357446
2 0.20090956938535784 0.23579120017748526 0.08078722758022465 0.12123264845605393
2 0.13485465043964528 0.4019320661494016 0.09883572591323472 0.11329366288402429
2 0.215771099970905 0.7831771208660577 0.11768144970043756 0.09603424101432534
2 0.7676998749757542 0.6731771937236993 0.1614315786383914 0.05938990208425103
0 0.4269781196849203 0.3361359736759482 0.18749974212409218 0.08289188947037936
0 0.5474038661817625 0.8284475031648609 0.19268157863839158 0.06048117613086816
4 0.5581332984633945 0.5914286528020412 0.13807382697140155 0.05000497840045366
4 0.1706173230092018 0.5684945727728236 0.08507624379108218 0.08788443511654265
3 0.6614331258938381 0.4297223156860654 0.10511767682162035 0.09481648139567848
3 0.7569524042326672 0.2865477237607662 0.05652068015560019 0.11025794292109108