0 0.5975032765381879 0.3765625 0.12781190349260035 0.08046875
0 0.9007106106507516 0.525 0.09272837636523726 0.09296875
0 0.6631459363755 0.2453125 0.17686248184962744 0.0515625
0 0.40434310811666874 0.209375 0.20974315954272454 0.06328125
4 0.49092252019347604 0.58828125 0.12768463846548564 0.05859375
4 0.32923506556940757 0.459375 0.058357921544777015 0.09375
4 0.1611743702169172 0.175 0.10197611133812261 0.07109375
4 0.505755096311008 0.04921875 0.07087155708339647 0.09609375
0 0.2120323673882468 0.05390625 0.1981925811856975 0.0921875
3 0.706205069085449 0.1265625 0.1051829245698391 0.08515625
3 0.9199726532962085 0.21015625 0.03923573770335977 0.1640625
2 0.8396771409995685 0.37421875 0.14947782523376923 0.04453125
2 0.086875369627742 0.5640625 0.053802231751431506 0.11640625
2 0.23908783030193465 0.67578125 0.14173350292686618 0.05625
3 0.6883474869177929 0.6828125 0.18145453307929138 0.03515625
3 0.1448707185710286 0.8640625 0.10456530103327229 0.11328125
4 0.6578843238590271 0.95234375 0.11664714451560983 0.04140625
2 0.3493627758508168 0.83046875 0.15966134631100798 0.04921875
2 0.8452338120533662 0.7921875 0.08040563836728971 0.1234375
3 0.19576805971567515 0.346875 0.10135394262201594 0.0984375