2 0.8443546377271531 0.30486995872711187 0.048295948897569475 0.197605340343633
2 0.7121682253018061 0.7271057276103045 0.10203789152687506 0.15984639077317428
2 0.49690363516170183 0.5636662680902231 0.04160953780340293 0.17852779172311398
2 0.3040472539871534 0.7260047365438743 0.10142029568718769 0.1668366971956095
2 0.22663915444465293 0.21631547602842477 0.04934995583142374 0.20936503392119796
0 0.397404942913646 0.17766681309269747 0.1121590803564585 0.22592177012638798
0 0.6060812262517367 0.6950158446390462 0.09851415444465292 0.209600729307785
4 0.44280454872441044 0.9213282818850331 0.09095492116215294 0.15302318068726634
4 0.7206106260436462 0.419330849161602 0.07264067904593752 0.1372377284032739
3 0.5667933353904516 0.31451279511401603 0.05694229065319441 0.09974105042954129
3 0.23816376158659763 0.5103111374938141 0.07810942904593761 0.1375243334462281