2 0.3303447536281971 0.08784193022717991 0.13005457694917483 0.10073631908544904
2 0.24914440516429393 0.44667150868240285 0.09064733656782167 0.1130045149289188
2 0.9059871382892529 0.26615536611170054 0.09564237141421188 0.07710337636523726
2 0.3938765849233591 0.7216765747427898 0.16160218811176766 0.04233801180566079
2 0.5578448596029484 0.876505496189371 0.06715527286549072 0.11130565954272456
0 0.5853175181409853 0.4330054810640605 0.050622537293461 0.12995566559284874
0 0.9203026425504222 0.4747900227275588 0.08192710099579195 0.13169997277444095
4 0.698983203257528 0.5117758965587134 0.11753472958158007 0.05536018657189175
4 0.6781870313030113 0.2070293092246958 0.09970238883740716 0.05916189744247617
3 0.39322424346139606 0.2780129331540461 0.09876737141421188 0.07712155708339648
3 0.6099157579741844 0.6229537701934762 0.11716270734906153 0.06707439139235198