0 0.6082126836954613 0.88277822208707 0.09985161145161996 0.16846417456983928
0 0.915341678511665 0.8767565228257548 0.10678511663541598 0.17631303600615772
0 0.5122715734216198 0.3395276709556018 0.11607264227157384 0.13966700887879463
0 0.1787351949580084 0.44534483713762574 0.21188413680495363 0.05667322257804948
0 0.2488206854388876 0.6573635689872532 0.18115154665416658 0.07133062021691713
3 0.3060364460893041 0.7490561652982611 0.12162072177194432 0.03350336729005097
3 0.49327473152740636 0.5775771167990716 0.11039954924606477 0.07482325887879462
2 0.8240448608394895 0.6989718904103933 0.12828011635259245 0.1006954124695909
4 0.5340151831298134 0.7308611980829649 0.0993055158342127 0.0997459908266178
4 0.8906384556084248 0.5408462939029935 0.12288042540060147 0.03897666246959073
2 0.19984736027384153 0.5438550600102626 0.15227469095199062 0.06257324375348397
2 0.7117527465131473 0.4507883995837754 0.1603510311027776 0.047784035907961805
4 0.8219104135724068 0.3264929024124458 0.06346576065041631 0.09172895774732641
2 0.11440141847337915 0.25444258118569746 0.07706893086722197 0.12226134026088378
2 0.2902619979737497 0.14926978873663216 0.11262572205476831 0.10919371369925476
3 0.661492449010509 0.15299124901804134 0.07991167540060182 0.038726677594901296
3 0.895339060179305 0.24649230590504612 0.09482377591898157 0.03959428600615764
3 0.36735890607953625 0.3878782916634984 0.12424743576819433 0.05460166246959073
4 0.193232232658702 0.8788022317514315 0.1325089950990276 0.06870506908544911
4 0.4645012888784722 0.06126631556940761 0.10419806738935158 0.10211701190385669