4 0.6799695859080825 0.6013230727641319 0.06635379009782234 0.12177555000795426
4 0.4738326025655205 0.7435634747374058 0.08110790252860874 0.09618520401018138
0 0.7633270967054242 0.8133878154439493 0.18743824568106326 0.0864931253580444
0 0.7098525547526753 0.35461170476604087 0.09053176973975674 0.15796758867759042
3 0.27958406385197404 0.3464777473742709 0.09423895820413461 0.09399599534531759
3 0.5317206554632692 0.5112509614099056 0.07169213217054313 0.13198634400859052
2 0.17750711752491521 0.6705323180299076 0.12179226172019231 0.13413064668204483
2 0.40230446329826364 0.5543095233927244 0.059562371991510155 0.14980055267345413
2 0.1547156693429299 0.41617153469127166 0.10724890036914028 0.13864542401336308
2 0.49980572871908374 0.3138577934038604 0.08791790946843889 0.14154315734404496
2 0.8934301110465104 0.5522059621259942 0.08559394586563371 0.15400679467695397