3 0.44624487209002206 0.5912042908414353 0.03206969517081486 0.13592913981258548
3 0.7705139961200294 0.7933795224325282 0.11494852076024671 0.10166545157021041
3 0.8252957021280782 0.5866270687507468 0.11721667490485999 0.04242684389007856
3 0.5683904916342242 0.37158577579774044 0.024850102775469195 0.09280126543940623
3 0.37892213193867275 0.2412210112162641 0.11340326680591399 0.08289271951689905
3 0.43426225346004105 0.02902253958779401 0.09977450692008212 0.03567673871722891
2 0.21012836958138306 0.17778533386094852 0.06791169467652329 0.13463106426490726
2 0.3120887534972222 0.42031146615168674 0.0926106057412186 0.10881872202418155
2 0.18797211566423142 0.5532566953020043 0.07577327422028776 0.11691236685133184
2 0.5872531685534312 0.8153585078510517 0.04053611117842611 0.13305419239901042
2 0.23865384246970786 0.8395495479675713 0.05083694121648215 0.11774744114536909
2 0.7594492317483923 0.33032559296564157 0.12105659931542796 0.07921379005001246
3 0.55265806228074 0.31104308089144767 0.021103020265955053 0.09659385517284953
0 0.41687966015047434 0.7706046343358022 0.05851944863085592 0.15308554757185994
0 0.1368340855124446 0.40896948620994644 0.09481243429639993 0.08625340023742681