0 0.6040770894745142 0.39388432462324147 0.1292166809457987 0.0841740746897485
0 0.9098757606366672 0.5511191292547303 0.0943513716752431 0.09565113229073816
0 0.6674284618153474 0.26456654915470545 0.17776263050895835 0.05669994404836291
0 0.40799825721819455 0.22110473950865175 0.21084788744281263 0.06937344028743926
4 0.5011923980794796 0.6024660512662765 0.12870753466927098 0.06229907468974858
4 0.33725457180708374 0.46887699828414037 0.05999455547083343 0.09543217194503928
4 0.16422942021222237 0.1796600709288248 0.10321722539871536 0.07404891693047429
4 0.5066143291221875 0.06392638849243734 0.07254910685760425 0.09813963479802065
0 0.2129734318957292 0.06006663644737329 0.19980193787965286 0.09793870948776914
3 0.7084145248856251 0.14708954414014053 0.10666953371934049 0.08820234514371963
3 0.9236414410137849 0.2368891446941365 0.04209984707395833 0.16517637061225568
2 0.8462100380877434 0.3985875111497571 0.15025522634864572 0.04887307218246599
2 0.09672245041618102 0.5664948297043134 0.05583438554295148 0.1179520296251713
2 0.2508852331855908 0.6826235980467136 0.1427154832825 0.06036450164935268
3 0.7002676373459034 0.7027257787007344 0.18206827080156246 0.04043008636823107
3 0.15995502792284794 0.86813153754273 0.10654290036059036 0.11630461309040818
4 0.6745097968245494 0.9713250145149693 0.11736999116628474 0.04479332594338956
2 0.36386062471246594 0.8404935855103013 0.16052057912218753 0.05385608887551356
2 0.8590633687285424 0.8166471893630025 0.08256053970326391 0.12575616943775678
3 0.20182360524208365 0.35251254922121245 0.10307240824437507 0.10136993487716292