2 0.6212952301007546 0.5858077622971495 0.10630531094499104 0.12847542848861018
2 0.7215276034610745 0.5296530992704905 0.1726805834462281 0.08877494182452991
2 0.39046130992893807 0.5889335359248727 0.17613313206674713 0.09528003333979881
2 0.12874696121756204 0.40280561985409813 0.18325291327441157 0.06785653500678883
2 0.4396213427184822 0.14494429092584257 0.07694203753924249 0.14708203621473678
0 0.23960373756398648 0.7876744406165818 0.131264367367426 0.1297349106107628
0 0.7379791983272632 0.3654470780586633 0.16345606965141818 0.15025457576345352
3 0.2535123450933314 0.28274782455550557 0.14752677521477064 0.03926927833882905
3 0.0971240677308542 0.5720499563683974 0.06379358435073926 0.1040017159112951
4 0.4617232355278215 0.42684786623025417 0.14311923620519007 0.07391534530829098
4 0.46220907790761956 0.7619083924430513 0.10038950361804452 0.10465529121570664