2 0.33688402402927137 0.20589568118274623 0.048048243356135334 0.16930994114536907
2 0.5637010626989076 0.22117838572245746 0.1263812340069997 0.055222360583125865
2 0.4820612587125888 0.3243692333734596 0.1280073686744087 0.06073657468974849
2 0.2640577880728603 0.5292171724072576 0.06424540802036267 0.15181856426490725
2 0.900220912714816 0.3286138348518924 0.061238586688408245 0.1618838860516619
4 0.45315665073995126 0.5268410155059132 0.04768461668522654 0.13805994114536907
4 0.19043157344044964 0.7837886636317689 0.10696816267504508 0.06481030925034226
0 0.7397748560629971 0.4426943698873399 0.05664199335613525 0.16955999373179384
0 0.16221238271799762 0.37353312523110926 0.06428177068745358 0.15494356426490724
3 0.722871356102768 0.7362541532734348 0.07115847935231727 0.14186690274470912
3 0.2667293494191324 0.6244842083006349 0.1278891900063633 0.05058032468974858