2 0.08217618952932006 0.4261786806614582 0.10224789727484326 0.05852297444878474
3 0.15489711497381448 0.6911659413950345 0.08171212773000587 0.07442007817225704
3 0.28758116665050276 0.42217759242121505 0.08587359818322886 0.0394274823325695
3 0.39794522649296293 0.5794608027179511 0.06404639560785333 0.04905640226045147
2 0.4187524498211238 0.7162152670987496 0.050350299550656355 0.13919043977951392
0 0.7473078845186519 0.6937525067464229 0.10170550546001174 0.14740363649288213
2 0.7202504033145832 0.48072648309506877 0.058162799550656355 0.13937227773541672
3 0.5831807090741574 0.43089275009690925 0.03577774545807202 0.09440461664125017
0 0.7769460398385808 0.2446974109067354 0.055069621521088054 0.15879442496187507
2 0.6219568113402723 0.6054375019967703 0.09432356909549391 0.12383884992375016
3 0.19695552196073335 0.2332443386214929 0.0828761439408634 0.04091724715020835
2 0.35095723787202837 0.17117748366374969 0.06065007076248374 0.13163251291777783
2 0.4723219259035364 0.13638229673402738 0.047624170153660474 0.058031358757465325
3 0.744228876811922 0.14876796827742994 0.02941617515463051 0.08333983007211812