3 0.6266035858834826 0.39185415175341626 0.047954093156167235 0.1095845535160576
3 0.20908419916087423 0.3902196915466968 0.04851020020978147 0.09640343306570695
3 0.3294819773799758 0.26212257479697393 0.07173421265733601 0.07456800586009615
3 0.28094569853617435 0.4882449838039875 0.0364954522843739 0.09174621144333699
0 0.27330710682989967 0.6926518815522341 0.11038416079252507 0.1742268468530824
2 0.4297104721818837 0.7317212808416402 0.05432249232633026 0.11154757171465483
2 0.6422258180373432 0.5482939188722794 0.11119945435896632 0.0926461798265045
2 0.056448141696985844 0.1771120149593948 0.11179052759440164 0.04914650370062783
2 0.07591926949652454 0.2309577082041346 0.06195647095570585 0.05839229333702489
3 0.7806944769557685 0.6686435965393155 0.05726897095570589 0.05809190468807692
0 0.1895096794406351 0.8246645427187161 0.15672451929603187 0.06757513109080904
3 0.3504112906434343 0.8561717658822454 0.08995141639160247 0.06873831045588794
3 0.6184466211515541 0.45806014265411754 0.0632462838181791 0.03437380243632369