2 0.49898863473732946 0.5817478827441157 0.05071190251789641 0.12182409034363317
2 0.09267845057881478 0.6153084967206397 0.10973058674699834 0.10544549581612853
2 0.2651960056146077 0.38455754296630945 0.14496316048099142 0.05510798111680746
0 0.6700522926580721 0.6181401633859533 0.10245641304124006 0.12765136646291494
4 0.7548885661944211 0.4666429404097462 0.11328052097610027 0.08615990728151779
0 0.7952350322053157 0.7022805472617226 0.16120208148532633 0.1065852719354103
4 0.2944270212584489 0.23249707598299624 0.05445155254613132 0.09242319538658714
3 0.5331555922910189 0.22385017356271852 0.049710844639506035 0.10463659034363308
2 0.748887737128169 0.34094689959114327 0.08426014988706054 0.12280341417892267
2 0.23624019282748138 0.7740737443457905 0.11225634727034209 0.10869332654882306
3 0.34536529286983364 0.8244599259375678 0.13718075256024873 0.08196040818602875