2 0.21388667825010624 0.7382502016572916 0.08959980913900915 0.1691961522758131
2 0.3937154193587661 0.7873898480140509 0.09254071856846853 0.13207878954871682
2 0.5827222613770487 0.789861788461455 0.09281470037150363 0.15467126666989942
2 0.7118190641059171 0.6415681964871439 0.06014990363849115 0.18858401000193972
3 0.7761320829220547 0.4137303678487524 0.0776198858558109 0.06237219636645772
0 0.17130549586617078 0.36581696332622127 0.14141486621110372 0.14540770803538727
3 0.54833468445085 0.14124868740328816 0.0841781009096227 0.05278990227581311
0 0.3332917655108779 0.4304221130169605 0.1002847520669146 0.19808642682162034
4 0.47064406224389027 0.45578929058748685 0.09282750889134021 0.07139638106398571
4 0.6253423325077699 0.2758312393698405 0.10710833271265763 0.07723179288269658
2 0.40407933871302293 0.6651322107411474 0.04154114474715094 0.12324605242559432