2 0.5997112880330894 0.27154989991443756 0.08144199868713535 0.15449275496239867
2 0.757008904081769 0.6372755614108115 0.03339539735836254 0.18583049214211728
2 0.5093821154519036 0.8966889869703214 0.047339718690317056 0.17632921360606985
2 0.39430091343090456 0.7367253279551468 0.050473809357089824 0.17725601282028158
2 0.3859402367122707 0.3537308914373821 0.05206358135740796 0.17967253742738745
4 0.5432543920671333 0.519565714844415 0.08807325934913557 0.12044524069437515
4 0.33149763737268 0.30512641749223 0.060148254018135464 0.1363227977664696
3 0.3101793574156326 0.6203682737785363 0.06355506468808994 0.16068709698068134
3 0.18626804805854275 0.43969185442427944 0.054843136020044536 0.15013058664159917
0 0.7961419400461341 0.3767404758026697 0.1480931493475449 0.11152831306795061
0 0.606074207431541 0.7512737872179904 0.05067380402608972 0.19444351282028158