0 0.18355772904165266 0.6860677337646504 0.06972726399785642 0.20487446063273715
4 0.17082740814231676 0.4206785129856435 0.05391123986054138 0.14607615909060953
4 0.5812089891811112 0.8384986274306889 0.1110792476542116 0.0932335771096728
2 0.4181898191346251 0.7871564955324779 0.08674551919363652 0.1692778798696164
2 0.4315467508331793 0.540213311685102 0.08912747402109958 0.1810239034085665
0 0.3453025202789173 0.2970070081143795 0.1261575804577169 0.19727619480442452
2 0.57757370692115 0.163393487414803 0.0646191469175772 0.18761877678536126
2 0.7235096477507565 0.3583628883877377 0.12086379307885001 0.15504778449599899
2 0.6271484639585154 0.4388122731286179 0.14223105866619026 0.047739844966580236
3 0.6470517825120629 0.6128088806770998 0.13493736473449064 0.11081654342445262
3 0.44717102287680727 0.316775811685102 0.06004662537815229 0.11106991355483639