4 0.646875 0.894326886424478 0.13046875 0.09359744418223173
0 0.175 0.24306820357377185 0.11328125 0.2475846072240934
2 0.31328125 0.19557773273697548 0.065625 0.20736151384016446
4 0.27109375 0.5165149738397269 0.09140625 0.16075576927737192
2 0.425 0.3423174229648745 0.059375 0.2242943458553869
2 0.29453125 0.6963762287826428 0.15390625 0.07423994912514757
3 0.3921875 0.8159804160447923 0.059375 0.1578880958553867
3 0.7046875 0.5013700652836706 0.05078125 0.20675667737631773
0 0.634375 0.3610050504549229 0.0765625 0.2546821828135252
2 0.5375 0.3062764466908706 0.06328125 0.21273476334587285
2 0.5015625 0.6032496057783996 0.09140625 0.20138076927737192