2 0.3237263491471503 0.232578963138126 0.06784269988378444 0.12420546189493056
2 0.31661260769712507 0.39800256727656896 0.181364614482389 0.04453232926235664
2 0.1289594244090871 0.4527741971956095 0.16730746832111634 0.07726626413349429
2 0.38907637764706626 0.7886585447753317 0.13028806956195355 0.12669969810012063
2 0.4941645352851799 0.23217060662483383 0.09654685409082883 0.11169881784239584
3 0.33120462144288 0.5287579223195231 0.07272694183801276 0.10500176051544959
3 0.15110793999642735 0.34651755314307475 0.11888103997675689 0.030360286634731358
4 0.5447811663633153 0.45510681761525323 0.08121143119435104 0.10388963986866315
4 0.6267188532576495 0.6695654652858326 0.07992208280350539 0.1077140027135334
0 0.9448924934230309 0.5511518164835995 0.1102150131539382 0.15359306874690687
0 0.10626424162525219 0.6625276554724955 0.060592928596460996 0.12071196969684675