3 0.36072748873745286 0.45583300200258475 0.10545847954763872 0.05103967072720579
3 0.27564631706004494 0.717623998301957 0.08711858265791657 0.05452561613141391
2 0.5438686367584709 0.7643335217423416 0.05309418864291633 0.13624718306570696
2 0.8097794348732398 0.5537509793281673 0.056902693826712536 0.14425994216500565
2 0.7239184302550914 0.6911928177002601 0.0806143044298608 0.08673733883351815
3 0.6657956975499065 0.48858944940937776 0.03683491013203692 0.09247739666851248
3 0.49772778567444337 0.6098870511997058 0.08796818317629622 0.05535693090623859
3 0.24269251380796247 0.26104333127537893 0.060888273327083284 0.03886104333702489
0 0.87184737379898 0.7659296067183483 0.10625814486347167 0.14897652297895939
2 0.3826053228559719 0.2086366293927658 0.06895363449587943 0.1310485433370249
3 0.7767169078229627 0.21136322022886872 0.033709910132036926 0.09227713756921378
0 0.8178093824696291 0.32586581122185515 0.052390851084027544 0.1548469887412331
2 0.15098134184773065 0.4470530775747511 0.09459889198874985 0.06898863433001132
3 0.5373611733743515 0.21933070480804856 0.04661045131958321 0.07989705351605769