0 0.2069357840887049 0.07339856721616508 0.19933006242753404 0.1009390591703934
0 0.38442357105234776 0.24766586574289678 0.2040017159112951 0.07252448206687116
0 0.6447393177183679 0.2831545235562374 0.18694176166892973 0.07288511498659211
0 0.5832601995312597 0.4202831829590619 0.16595958197237143 0.0822929659753278
0 0.8461114016475932 0.5690912955998655 0.11428525379302172 0.14392995248167467
4 0.5023598543921467 0.08305669854640214 0.06793654121570665 0.09951903478097682
4 0.1506223980237493 0.18574574790631307 0.11865414727484329 0.06422602698730664
4 0.29474009134609125 0.48967876709994956 0.052534810760544025 0.08212943898802116
4 0.43622647649296287 0.6237145495351378 0.12321410151720862 0.0629913089182919
4 0.5778571564793852 0.9875700548761873 0.12546225666795968 0.024859890247625315
2 0.03761350437275001 0.5691266944359028 0.06135170136742753 0.10449611188449896
2 0.17921145982306347 0.6921703465492602 0.13482128121376702 0.05292789406758569
2 0.2752419526960618 0.8536702112837509 0.15247116681968062 0.05027814146969582
2 0.8115127452888942 0.4346727369336752 0.146093621062046 0.04827859889504875
2 0.7671742322428388 0.8527125427498738 0.0847094530344176 0.11467414121759419
3 0.16506817998642234 0.374540450135886 0.10502208197237133 0.07803180087252012
3 0.6125501183077944 0.7256151751653916 0.12042394136548787 0.05735866795279918
3 0.9009254159015967 0.26335474782943846 0.047767562427534216 0.09034077673520517
3 0.6858263165104199 0.17445686675130295 0.0891579659112951 0.06449382475773371
3 0.08305458163401562 0.8787309234006809 0.08391235651817856 0.085877151861256