2 0.0816824456279254 0.2578125 0.08468535920125972 0.12265625
2 0.27210846885963 0.14765625 0.0996100222431215 0.10546875
2 0.6615742395826956 0.44453125 0.1607265943725121 0.05234375
2 0.7455195221687594 0.68515625 0.11713310326976067 0.09453125
2 0.12387396832815736 0.5453125 0.13722542737631774 0.05078125
4 0.4593312376427104 0.05859375 0.09662960228117753 0.08984375
4 0.7821334317877611 0.3234375 0.06606535178688588 0.0875
4 0.8205088877958098 0.53203125 0.12544301038012334 0.04921875
4 0.08177406266348844 0.88828125 0.12381684338392893 0.04765625
4 0.43673742977341357 0.728125 0.09178293479069151 0.0859375
0 0.4710858438410395 0.3453125 0.10743710969555131 0.125
0 0.17388194410786958 0.66015625 0.17820059585538686 0.059375
0 0.1232929895826956 0.44453125 0.20278676038012336 0.04921875
0 0.49660056661782115 0.86953125 0.07086028114037006 0.14765625
0 0.8059609791653912 0.8890625 0.07476653114037006 0.14765625
3 0.6456096358558244 0.14609375 0.12281275889724856 0.0421875
3 0.8549435320917722 0.24296875 0.10399909190105419 0.040625
3 0.43025396091378354 0.58046875 0.08360567885919253 0.0578125
3 0.3193986684418881 0.38671875 0.07593775889724856 0.0421875
3 0.20791209281527526 0.7453125 0.12464717292769345 0.0296875