4 0.5000739270261111 0.47183042621568616 0.10680158095795456 0.0763120180561673
4 0.57557036902941 0.5917733931833944 0.10818222453146405 0.07011658175849825
3 0.40190423383567797 0.8085913270339928 0.1724804052519918 0.053630975405228654
3 0.5120952392459543 0.7037351906436564 0.08942386434404952 0.09599703547936259
0 0.7131816807870349 0.5121181534350134 0.16221650666391768 0.10322174763774736
2 0.22717466996648214 0.7125545968194407 0.1368838860516619 0.06409476025161905
2 0.25074386526848635 0.547584361247411 0.14715379631821862 0.06835567431676956
2 0.6177508235026142 0.3515948264858386 0.14162521034569905 0.039285733209777
2 0.3908677262473236 0.2740699940943682 0.14540943989172792 0.06205111061443871
2 0.7648337943396616 0.725855760421255 0.09647784639736087 0.09702382213985139
0 0.25237822459797093 0.41078376569391467 0.14919366943775678 0.08481648801910033