2 0.6167721381909875 0.2819994879660407 0.09199566561173267 0.15588785703211538
2 0.7991688895681135 0.6504059338316741 0.04630039940087514 0.18637759099298634
2 0.5705168285177052 0.9054288911129582 0.059533851976250676 0.1771225069398305
2 0.44460854851188625 0.7434819987633823 0.0627226248550679 0.17810401603912887
2 0.4094535878914251 0.360419174889259 0.06447644349151975 0.18054789558877832
4 0.5778682322913304 0.5289758150793664 0.0962209089437728 0.1219634400055373
4 0.35178473804120636 0.31087095542635745 0.06949891227775282 0.13734860811184957
3 0.3526127539621997 0.6256751326319683 0.07460087152108805 0.16176761721114818
3 0.21645262910713176 0.44286502775932124 0.06517807409646359 0.15106065468807692
0 0.8199287022855115 0.39060943167220585 0.1554205657615139 0.11409967766703621
0 0.6567099357847899 0.7617370527408653 0.06412562818904792 0.19529151603912887