2 0.6075002336037532 0.2223798825505512 0.08538323817714524 0.11997220574818704
0 0.41521856783685057 0.2017528211352304 0.11894202199532415 0.1518964478903042
3 0.07343104169234146 0.35624353784167223 0.0370049377622268 0.11849744292790546
2 0.19996654044294163 0.535631323202145 0.06786477406991671 0.14562502315936374
4 0.7304721018555222 0.438522805214577 0.07762993776222675 0.12038958271265762
3 0.3782952178322062 0.3910893029382653 0.08573751307225459 0.0732791422659517
0 0.5704682945921264 0.5261598540145039 0.0969486228251613 0.14931510339082213
2 0.42337703919354175 0.7105070829220548 0.06282207655942766 0.14071919933804616
4 0.536051870102647 0.8570652516571389 0.09362086805127631 0.06430440260503403
2 0.21944563317490146 0.8025255707209457 0.06401772365499828 0.146224336641599
2 0.729011732554846 0.6838160345364125 0.1099921518694554 0.09542812406898663