4 0.43490010281436253 0.18440090462967793 0.07689497091963045 0.14104378571381493
3 0.6672190501270568 0.12181158117345312 0.08981292889684286 0.05463868141174384
2 0.5820117792921311 0.35197241396516876 0.04883786035393456 0.18191820170428324
3 0.11054776101745387 0.5139516314944694 0.055368581414739326 0.17344718262955983
2 0.21924022155491504 0.5237612337679456 0.044567589307247066 0.17560001785690743
0 0.3835295056851949 0.43660433279501093 0.11396233141473937 0.17446994034019755
2 0.4578176031672984 0.5547173587695933 0.051462331414739285 0.17337899878218402
0 0.1816436980891532 0.753871473621676 0.09437016823232484 0.19988299756436803
2 0.3478756428415988 0.7673594549539895 0.05256209983059081 0.17886138555165926
4 0.5906623823182551 0.7662434196472117 0.046107702503779005 0.13504320170428344
2 0.7868309980044487 0.6543359346647453 0.054086802475544 0.1648397958600846