3 0.6523781209378673 0.4865774207333887 0.06223476744987035 0.2133767159112951
3 0.39088110794892844 0.789573972410077 0.05038755803494936 0.11567266848667064
4 0.592821483354318 0.8395905925540392 0.10055515340856651 0.08466165560979313
4 0.28979234618110095 0.5560755593834182 0.07879893019392785 0.13437474212409234
0 0.2812847763783241 0.20314187801987 0.06408759374876424 0.18544303454774685
0 0.17712297645775438 0.46591255817547017 0.07772339975511869 0.20683967348764049
2 0.6122950430174157 0.252010973158983 0.12948867694751698 0.0885837521260319
2 0.44143134374876425 0.14469216498351284 0.07363018912238158 0.15111583197237133
2 0.4829211887153445 0.28056602104264944 0.07657791111920424 0.1412146734876404
2 0.422803669233584 0.4669816242268482 0.042198956979289194 0.1828761439408634
2 0.4995645868456101 0.6962069964968423 0.04236259821299111 0.1922511439408634