0 0.259243712928131 0.19285333821520925 0.19047776136870648 0.06597186073274316
0 0.7615450646778358 0.5336585248246605 0.15844385277546919 0.10210032541528272
4 0.5342397598486507 0.38358297192691165 0.10957792984777566 0.06935887415097852
4 0.7335315167315518 0.7598007202288687 0.08607676285158128 0.06629443090623877
2 0.22410743718778736 0.7091396722683654 0.16305309832684484 0.08135702883905545
2 0.5298109505336602 0.6652835549003336 0.09063427026595505 0.10165094000553729
2 0.7118912800774246 0.6949674622093042 0.07359400889724874 0.0467934592838688
2 0.7271487959319366 0.2244046383351809 0.12856535178688588 0.09551036397194572
2 0.5745795528520188 0.1817293776947228 0.07395610623551026 0.11304951495939478
3 0.25257592437338716 0.37571590299003393 0.19086242193911024 0.03716574028239252
3 0.3152828769213948 0.6053218622739027 0.05145902372599611 0.11550388648947969