2 0.6629443744871178 0.17656488984889743 0.10684686068413463 0.13323414065150563
2 0.500041173384804 0.345302510081983 0.05135820604522969 0.18824653366526398
2 0.8653252751716899 0.24517101299238986 0.049031702090897154 0.16944196996293304
2 0.2775892173395742 0.5395237691524757 0.05261961710992509 0.16176587921876012
0 0.5631937949061724 0.5568550797747637 0.15388368676785796 0.10055061542376223
0 0.6950406555903068 0.42274791988596433 0.091392957033813 0.19432540807470086
4 0.8044634406478284 0.6475073285088193 0.11104492935348417 0.06394842731199439
4 0.2232877420169725 0.8191492709665742 0.10857384536109534 0.06074158175849824
3 0.5257641431958361 0.881919567160892 0.06416461216700924 0.13876488883740734
3 0.3111909431192864 0.6530307084453697 0.12810509536109524 0.061423628037633904
2 0.39451536806132725 0.21636403294747378 0.054786953573771766 0.1766641929210911