4 0.21081841579443106 0.2577567334994457 0.0364682680561673 0.10679022054263569
2 0.35920135209210025 0.2498069262827602 0.06661955952597962 0.12197393198597287
2 0.6989210726031876 0.3878345458102602 0.07515874582364876 0.12096214450904412
2 0.4684646692529921 0.8040462384366913 0.0543923780376339 0.12898539558877822
2 0.3009869925739698 0.8007476650239932 0.06012402286549072 0.11454216378737563
2 0.48286699746811124 0.4585835441122173 0.07635665807470068 0.08829983883351815
0 0.14505697342149415 0.5114114620616459 0.10690725362819706 0.09259611505167982
0 0.31989577151472837 0.43784714682539594 0.05812750244707079 0.16897933991325226
3 0.5356745389379236 0.44194795419896504 0.019218769870265894 0.14855741594684382
3 0.15242300700194011 0.7915600370155034 0.10080109736759484 0.05167072640273194
4 0.7980703236994959 0.7852626534606845 0.07697421696770804 0.08366240360834283