2 0.6950214936684219 0.19411219790005055 0.13743912426483096 0.09291916469812271
2 0.7509937754419133 0.42539196895144277 0.12267726141996071 0.09396330952597971
2 0.37471680122251083 0.5860069989036918 0.10170302012638803 0.11038691769334755
2 0.44365275045428526 0.8686136569783924 0.1473497127994417 0.08858632876327341
4 0.33909131897404965 0.32491324228026974 0.10520980042954128 0.05826142250267106
4 0.2313032366594753 0.7985838660567343 0.10286605042954129 0.05817957694917482
3 0.6434767673013129 0.6400050512580951 0.09578721279944169 0.08678572658635506
0 0.4996426373822723 0.44244302657850587 0.14184334124814413 0.07279763765628075
3 0.4479008322030326 0.19017863293177534 0.07476870590203681 0.11724455290255764
2 0.5546211437138504 0.27452140579726614 0.11112892978275504 0.06704614546082902
0 0.12467585764494593 0.5780580565307547 0.1223840123244719 0.11812749582364876