3 0.2460173593286994 0.30469104869945846 0.07186518983681926 0.11438582832748878
3 0.4963860574638884 0.21127583400623634 0.07665943361304209 0.1261727621748646
2 0.589505404969733 0.3967378214243346 0.09988344606059663 0.10317163879807004
2 0.28027026969701724 0.5133763019458695 0.08133527821910161 0.1363971960222404
2 0.8388667875431566 0.36823454057848837 0.10074812904893875 0.13517561525911964
2 0.3254974914779156 0.6495007625786064 0.08927783278320493 0.12795345048646745
2 0.4937333929231638 0.9352835181597138 0.07965437904893839 0.1294329636805724
4 0.6628198927226711 0.6577355969918799 0.04449812904893857 0.13419376785690745
4 0.13572551907231728 0.6039449805182395 0.09184580311421087 0.08976765787279355
0 0.4551644485361743 0.47653264123040673 0.06782980788809567 0.17439207386326191
0 0.3627220364942494 0.8292934025944925 0.0800104991748074 0.1909892386359143