0 0.42521297986402756 0.24431541815668378 0.1143554003605903 0.1171825547166562
0 0.7779469752112841 0.7183208255135944 0.06299292211208343 0.12397570253973793
4 0.9019702759324648 0.4876114841364494 0.11791485182361114 0.03534227767481433
4 0.61663153476618 0.538948327960665 0.12240298328249999 0.06047868693064125
3 0.33625239732336754 0.6119691988267228 0.09798421153100696 0.0510391995445131
3 0.31272920402847193 0.3481621591710091 0.08712009992375007 0.08734872177703164
2 0.5267643752875341 0.8113987360353659 0.14663991707809032 0.06210567431676957
2 0.2555628289347563 0.7584201020921002 0.12525587955902787 0.08243553248413775
2 0.11833754549975639 0.650803553450712 0.08550304853697925 0.0849504080747007
2 0.1568740218484023 0.6049627745947713 0.09360583605604171 0.06415675843752063
2 0.8182343216196525 0.3289483014669773 0.11758950313413194 0.1219791821213179