2 0.32133441459860457 0.07831848964767334 0.13355518119435103 0.1029457748856251
2 0.2024544665564055 0.43987554511850674 0.09458551634364491 0.11451840131052098
2 0.8786284725084903 0.24006250266236034 0.09832252153942492 0.0787263716752431
2 0.318435473593771 0.7109484984813885 0.163051657057036 0.045133928096007025
2 0.46626705019309017 0.861163437976562 0.07103875569998319 0.11241038744281262
0 0.5402658229930228 0.4164133292190968 0.05516238342392406 0.13076034393982638
0 0.8710734265796486 0.4484925985020478 0.08652164406758586 0.13305019576343752
4 0.6457402908099361 0.4919562302452771 0.11944912252816078 0.0573787017473613
4 0.6568898663239745 0.18750511958795082 0.10175352413731495 0.060866724448784826
3 0.36430924639370377 0.2668530063651733 0.10144752153942509 0.07879910685760425
3 0.544959404788122 0.6058388519205204 0.11948732735562366 0.06907926795177097