0 0.5466050024290414 0.8735058465945487 0.08808815543716157 0.16895963267822686
0 0.8542811347342898 0.862111623886096 0.09447452313191321 0.17684485801240868
0 0.4886899476437983 0.33110071793445756 0.10633359496658024 0.14027155868077212
0 0.14760307183137172 0.44290402064768275 0.20799946063273705 0.0578777766947713
0 0.20286113635914277 0.654022786640683 0.17622730925276536 0.07234880935708983
3 0.2536753883877377 0.7448563246340015 0.11932274431795716 0.0341942813494537
3 0.45300541233372515 0.5698455919398664 0.10520174310014116 0.07542780868077212
2 0.7754043380634261 0.6856496685630502 0.12127675649282174 0.10139087201622665
4 0.4830219691508585 0.7226524186028211 0.0923568697233467 0.10027326734563573
4 0.8531048238599667 0.5261195798854599 0.12019945170428344 0.039672122016226476
2 0.16182130478524315 0.5411960699793191 0.14795230478853844 0.06342779535327167
2 0.6804564821397973 0.43904793590868607 0.1570682061685101 0.048693133354544574
4 0.79936834902377 0.31263888255891403 0.05706425202859507 0.09205168734086326
2 0.09661945007943025 0.25283355132081875 0.06853358603812651 0.12264770667568144
2 0.2799210994308071 0.14442906329568356 0.1050205109570486 0.10979371801399936
3 0.6510421229697575 0.14167349657864042 0.07723070170428326 0.03917213534372679
3 0.8784325117678276 0.23123379388132365 0.09208808847375849 0.0401261080124085
3 0.340330314120734 0.38205578528804757 0.12047218709378678 0.055297122016226476
4 0.13173397889009106 0.8767704906508644 0.12774889894433977 0.06944143801718106
4 0.46039775771063773 0.053248437937639226 0.09708528003177222 0.10267156134627213