4 0.43602162991904053 0.16360051357511882 0.07607890038411273 0.14424945018457014
3 0.6679986482364062 0.09033778455149327 0.08950291327441154 0.058682190005537316
2 0.5841271800098975 0.323849993835362 0.04778015999505118 0.18370317396640834
3 0.113561295229617 0.5073945905315611 0.054361030641837615 0.17556000693983034
2 0.22232214156614383 0.5121042720561086 0.04354636137453216 0.17720285009228504
0 0.3861190479431505 0.41751605799187785 0.11295478064183762 0.17931486505167982
2 0.4611046805757244 0.5318405714101132 0.050454780641837615 0.17530968306570713
0 0.18606597976207034 0.7433437800756731 0.0932121687014785 0.20374436613141392
2 0.3523936646332079 0.7490361682631957 0.05152263568479167 0.18082849784053162
4 0.5951986403229484 0.7365910232927263 0.04532354534115868 0.13682817396640842
2 0.7907335476044662 0.6158315330103338 0.05312940128862405 0.16691619216500567