0 0.5163425016969436 0.4324912448327135 0.19835887902925914 0.052810438584679174
2 0.2859516641380546 0.4620482739879333 0.15137657229032406 0.04050733767505647
4 0.23402687064143413 0.5499699590579559 0.11506792540060182 0.04348463440806878
4 0.5808717678139803 0.6051988447088791 0.10978439458064795 0.07202701137253946
3 0.7936568573991195 0.4282038893749768 0.09192295131958303 0.0813099660872691
3 0.875939551508656 0.6424440177871895 0.11160117280870381 0.03943283519385723
2 0.6595375526864347 0.2759950341221278 0.14371033524981486 0.059601940032421294
2 0.3188884691335635 0.6950598271310865 0.15181606969842587 0.03663747497860932
0 0.21494113732411865 0.8787520845746846 0.11522304175319417 0.1430843740689866
2 0.39902361140513726 0.8309566317219816 0.09811416272393503 0.09871578990858687
0 0.6221678769565261 0.8440965248165029 0.17869978138560166 0.13047952026387968
4 0.9786767606271752 0.8344602357364856 0.04264647874564957 0.03954199710451576
0 0.9049669213481012 0.29280358271716694 0.17112243576819425 0.061656745656773815
3 0.4677895500945365 0.28100367349259525 0.10248930442986097 0.0864705010334573
3 0.38789841559865706 0.15686200620525298 0.12614212643736106 0.04555655665780982
4 0.8471668173893516 0.06251892328770751 0.10122960080120365 0.08096536372990437
3 0.6354289435438888 0.03629683333633947 0.11772403369467596 0.05605740901517466
4 0.4492569976909258 0.051243398885489434 0.10621989717254614 0.07575132485477487
2 0.19518394382671272 0.13289162096861468 0.13440368576819434 0.05994654238978616
0 0.18583621253564755 0.3129622646823084 0.14619963967967564 0.14141486621110372