4 0.22801278500678884 0.174262899446004 0.10621779121570665 0.0981767387172289
4 0.8164048316825074 0.39833896463534807 0.10851374379108236 0.08811141693047428
0 0.7032996984924896 0.18314352513933166 0.15334775379302173 0.140855983702664
0 0.42780355684683596 0.7510801490502926 0.06233998758216437 0.17172188730530316
2 0.45447943228163207 0.22405699630558332 0.13233388106398572 0.0934808785298145
2 0.6509063459365108 0.7116980856433152 0.04245792227969254 0.18595187186589685
2 0.8076827622971494 0.627259586501245 0.1329397878817268 0.08180759263643722
2 0.25977154971983424 0.6016975776592494 0.07487193849054989 0.15338106426490725
3 0.5056263125967119 0.5436420705996203 0.10934292015366047 0.06007734514371954
3 0.5299239083640448 0.8029261423863752 0.07010494803344755 0.0854350463182186
2 0.20891145395250138 0.34318639568508036 0.07093373758216437 0.17197193989172782