2 0.25937038692310105 0.24807287913394224 0.09040262489975373 0.1441889988188736
2 0.48664235932869937 0.282212233040141 0.044202131123531 0.13088790145127885
2 0.6903654748811761 0.5859919643510014 0.06967572780418294 0.13801092068857254
2 0.2959293132634585 0.5779488628918734 0.06979412697434614 0.13957342068857237
2 0.3993717767459871 0.6935515263240518 0.10979124232633017 0.11214039065150558
0 0.4414445680373433 0.4879364433844272 0.10684476369695446 0.16580110399101677
3 0.14319263172500896 0.7118476916551467 0.05850142946385706 0.13450397477225665
3 0.6844375514406037 0.44828363322547543 0.12893048340326044 0.03566965988879929
0 0.6132183599533994 0.18506935981183054 0.14759981826105778 0.15865329210278442
4 0.5711041441725636 0.7202801735141614 0.11318800684847723 0.08498761360966363
4 0.4361236476970486 0.8255083652541261 0.10023864357108572 0.10946925843752062