4 0.21958335761921383 0.19663023672725277 0.10176588584218224 0.10277164772027048
4 0.7967361677781656 0.48035253466659356 0.10453622177703163 0.09285219606059662
0 0.6938120313030113 0.25516143528664903 0.1469618239539498 0.14749307448483523
0 0.39222480488629224 0.7894241558181476 0.05438494355406327 0.17398287427505377
2 0.4434226509031246 0.26969291889040214 0.1281374128840241 0.09931568361304191
2 0.6168602171373443 0.7737203359067045 0.03380954872620645 0.18722823547785303
2 0.7773587183184707 0.7064055491887407 0.12929068511654282 0.08771533278320494
2 0.2313815302067029 0.6237371883869267 0.06779267912609299 0.15629846680652087
3 0.4796082098809501 0.5918998056130105 0.10667907513507621 0.06496399440092268
3 0.4917907844678721 0.8515116039533366 0.06620040807470069 0.08838891639160237
2 0.19263645561978088 0.3621126041538293 0.06297869355406327 0.17463406971095036