0 0.5722221038005977 0.88277822208707 0.09297952026387968 0.16846417456983928
0 0.8796707307650685 0.8767565228257548 0.09959339329940917 0.17631303600615772
0 0.4984954278313123 0.3395276709556018 0.1103831900324213 0.13966700887879463
0 0.16054812572161642 0.44534483713762574 0.20961474855225792 0.05667322257804948
0 0.22197158498446012 0.6573635689872532 0.17827485731976359 0.07133062021691713
3 0.27544764950015277 0.7490561652982611 0.12027826674922304 0.03350336729005097
3 0.46974980541495553 0.5775771167990716 0.10736304383752823 0.07482325887879462
2 0.7956295628585537 0.6989718904103933 0.12418882485477489 0.1006954124695909
4 0.5042254669113296 0.7308611980829649 0.09524618755122205 0.0997459908266178
4 0.8687116902373091 0.5408462939029935 0.12131422787409356 0.03897666246959073
2 0.17763292596928545 0.5438550600102626 0.14974959698068138 0.06257324375348397
2 0.6934697876322752 0.4507883995837754 0.15843323821317573 0.047784035907961805
4 0.8087415690638066 0.3264929024124458 0.059726064515692553 0.09172895774732641
2 0.10401337365470183 0.25444258118569746 0.07208266935425689 0.12226134026088378
2 0.2842209503715035 0.14926978873663216 0.10818283519385705 0.10919371369925476
3 0.6553874749786093 0.15299124901804134 0.07834547787409356 0.038726677594901296
3 0.8854624267978549 0.24649230590504612 0.09322561517764641 0.03959428600615764
3 0.3515690779551468 0.3878782916634984 0.12204197394515201 0.05460166246959073
4 0.15730557919349186 0.8788022317514315 0.1297281954091048 0.06870506908544911
4 0.46210404776646963 0.06126631556940761 0.10004284946188058 0.10211701190385669