2 0.42934949357573 0.31823812066551666 0.15034446473192845 0.07486973933548198
0 0.6781323809230383 0.4501761783321455 0.13737179066665633 0.11922668408792755
3 0.3125693483542592 0.5836671576383939 0.05618099025173766 0.11527566048099143
2 0.49971322822839037 0.5385653021931954 0.0883306394219007 0.11870376834526439
2 0.6358777164055356 0.6623884810194511 0.05990964149649329 0.11315942363517095
2 0.8721694913006448 0.62948278868608 0.13635281971095026 0.06472119461127121
4 0.35489151599526153 0.8342509865634717 0.0775465047738848 0.08929698940606912
4 0.5060512742936313 0.827498999576477 0.05891490394404784 0.08976742626600683
2 0.7526545097714842 0.8690850730281212 0.06202824855010754 0.10006018415851443
3 0.2521572636969545 0.17646930766662883 0.11035808215850498 0.03987311305535757
0 0.5556365385920637 0.14747684158514718 0.198178313487173 0.07998914981647336