2 0.3099631554371616 0.1912341869370342 0.04420178774240977 0.16329382800932013
2 0.7512524030015296 0.30737605333792545 0.04472393912238175 0.14850927759440163
2 0.6623786379839959 0.4902342522983071 0.05837733603812652 0.12613737012586873
2 0.42487290949435136 0.3825122276036904 0.058431883116027095 0.12926237012586891
2 0.4731854987788887 0.5578208035384181 0.08898640787279355 0.09178660352912935
0 0.5153597674498703 0.24736947822839034 0.06336089082666482 0.1881521180512764
0 0.3343038254815244 0.8258343298834199 0.11295178774240985 0.1685033914964933
4 0.5422821465054126 0.6722869678554282 0.0620790344959989 0.1147146180512765
4 0.19018603814615165 0.48098100332399235 0.05909040219075066 0.12229031971095025
3 0.879308813713697 0.6260453881957229 0.06627165665497756 0.1314168659766839
3 0.6110708770236519 0.8585097330022752 0.0498108595770768 0.12704867468997208