2 0.5648019490629279 0.11975653476618009 0.186443616851332 0.07538512575930571
2 0.3563278710079671 0.18246047577996496 0.20200042069139795 0.07340505167111129
2 0.42483749326957543 0.36067508833715245 0.21790656551854842 0.0565994113785071
2 0.21053696404011565 0.4649489335112499 0.19207149122451134 0.08098116232843769
2 0.5416555495504168 0.8020066435236455 0.20326740399835047 0.06328516926229177
4 0.7979389903000745 0.689719623387673 0.15315975541027632 0.11208503875333342
4 0.7403321126281899 0.4025839525098605 0.10777905925034226 0.10868662860909736
0 0.7450841456185733 0.2703526807583675 0.16735028754272996 0.14364416327836818
0 0.22943904288649933 0.7115511765773956 0.10538749663478768 0.18748377583555573
3 0.4699550796378064 0.5409977147620483 0.06703203879637129 0.13037913744281263
3 0.2189679264973857 0.3248142427818054 0.18234113855894432 0.04171864057694456