2 0.432414390209188 0.19711882506417186 0.053550606940820346 0.16446491439185812
2 0.5306008819113147 0.28521167638807937 0.051245061768283404 0.1760381151776464
0 0.34049505195780094 0.3423457419372294 0.0903075617682834 0.1778574803552929
3 0.20175425209368694 0.15491001613005045 0.07872021572322634 0.09010276923042237
0 0.1282364445127774 0.6605992440041439 0.06618164691757733 0.18919308664159917
2 0.23382589079026564 0.8098650357747577 0.11217185409082883 0.1119071486760923
2 0.3709648938923588 0.6749912679920772 0.11587600829787323 0.09806297249741007
4 0.475658475687458 0.8593405351555852 0.10395516250491763 0.08349105024766885
2 0.6140482583747479 0.6286277284977753 0.048409638871805605 0.1688977032669877
3 0.5502967508331793 0.5046679977281976 0.07961072636688797 0.0917016565339754
4 0.1335623549240081 0.4173950535574379 0.06700681956195358 0.12304154776646961