3 0.17655114960471185 0.4111922496042886 0.07947393934959938 0.13256009890464338
2 0.3119943678935064 0.5465494249145401 0.1084102814288567 0.1606994707705402
2 0.4966354074266325 0.478571000066507 0.05756041297065302 0.1982161911453691
3 0.48578412350811406 0.17133516158670495 0.07974695513461505 0.13724759890464333
4 0.640508691839261 0.2615245894042389 0.08342569198043534 0.13345500917120007
2 0.7551942761671849 0.13454088908766976 0.05140912350811426 0.1863383167721897
2 0.830320891712204 0.3898217709826965 0.10418551301300524 0.1551170605039836
2 0.38689347028434595 0.7979240568095669 0.08362238403145783 0.19039533095795455
4 0.6581762070595791 0.8604621945770884 0.10788736568619353 0.11154891693047446
0 0.8824188019108468 0.7334210067969316 0.10982086298477042 0.1849182207705402
0 0.6525199283321456 0.628984874043975 0.13466894454068418 0.20981893236988042