3 0.7273951022618059 0.2705181747323755 0.04471505212078668 0.15590884099298644
3 0.8312924988687043 0.3580961227574773 0.07934433034884236 0.12549945018457018
3 0.6429545858619454 0.5172942427464026 0.10704010339310166 0.08687704117755643
3 0.5325263508476864 0.6390610163436707 0.08479395650337943 0.09011266270764136
3 0.6993912221012512 0.6175433690568495 0.09033105702175917 0.0912443661314141
3 0.27303164806750074 0.399312891731267 0.11374872464666641 0.11915861505167982
3 0.39028891564513984 0.5317422648025113 0.055105747973749786 0.1503597478405318
0 0.3423723681425015 0.8279967011074207 0.1562294590952776 0.09857480721668566
0 0.8482572405273621 0.5233799637504637 0.07879752620180547 0.11924945018457009
2 0.5709489040997688 0.18192963679402144 0.09230366013203692 0.09603199568106335
2 0.23117775579592692 0.5364729302879299 0.13633733265791656 0.057679696945367634
2 0.6304698160217148 0.9802994528815994 0.10421789976444433 0.03940109423680127
2 0.6088374067381498 0.8623564188722794 0.11489155961365718 0.09670262415097852
2 0.7429390046646311 0.874092560142121 0.14010688162115734 0.056367520819490834
2 0.6968732319031957 0.7540816463547454 0.11245962672018486 0.12218348550203047