0 0.26845165002386256 0.16802961982083287 0.18890850600731782 0.05938467484803307
0 0.7868771227323151 0.46086169668865945 0.15576019867918128 0.09668844655564542
4 0.5524919373806342 0.3324795985754389 0.10775850334181776 0.06561429130365362
4 0.7707725067631774 0.6887510159681316 0.08430282200827222 0.0633698297043134
2 0.26040717142740477 0.685626296780437 0.1609835006763177 0.07575382092882474
2 0.5627958274188142 0.6135250100956369 0.08783690201304495 0.09861700791755883
2 0.7458174127545869 0.6261744596207832 0.07236589600572696 0.04427884890464338
2 0.7364385813574079 0.15597561988733988 0.126018154678545 0.09113712852981451
2 0.5821505233529536 0.12764133438967398 0.0707948526814084 0.1106169027447093
3 0.2713601160486796 0.35081938776752153 0.19013465133672708 0.030523888954655833
3 0.34585322807922364 0.5737280388628782 0.04818405601527207 0.11386392319868044