2 0.35006086982083284 0.2747344283803475 0.06656903754272996 0.1412984536472223
2 0.716233787609237 0.34501774610336866 0.03513718111623909 0.13432110182361115
2 0.635590226709542 0.5909647193178825 0.04963995031656907 0.12294784393982638
2 0.49334890241550494 0.5626370847248616 0.08567673871722903 0.10036498233256949
2 0.3963241720780532 0.8879442496187504 0.10857702962517113 0.05561617999586801
4 0.5154248277257564 0.6905808999793408 0.057597202823851744 0.1012728656913195
4 0.19472118580159975 0.5353601910137848 0.05325068362352168 0.11288251291777787
0 0.6187761144105565 0.3896561392457644 0.042850392715579486 0.1579222559839236
0 0.40956258729266787 0.4598374334143406 0.07915996575597539 0.14471439437666672
3 0.5716771762346883 0.7724134346486116 0.06227634263643722 0.12792628466927097
3 0.8102576060972864 0.6333373233256951 0.07815975541027634 0.1103393943766667