2 0.30985276473252704 0.20203326509659317 0.06007950282867034 0.12385918507002262
2 0.2920708879745063 0.3693128103818634 0.17911078307929137 0.04348894251362072
2 0.10026063787631048 0.44310783705588397 0.1628999757995032 0.07631855913900906
2 0.33964234220579137 0.7554835967757936 0.12257495764913048 0.1259889193542568
2 0.4808919725780493 0.18468944561850179 0.08968518959695367 0.1111794026050339
3 0.29829868295765444 0.4995268492569929 0.06621587334017516 0.1046190334984459
3 0.12932090309981686 0.33391261952087264 0.11732840056573406 0.0296768455329393
4 0.5173345083878151 0.40414576695862003 0.07480053298109546 0.10345679383752823
4 0.5857492068635637 0.6119539588530681 0.07326075887879462 0.1072902692304222
0 0.919333345623637 0.4604426929324147 0.11414028893302372 0.15293240901517463
0 0.06399238153159867 0.6565731776264245 0.05303007211051114 0.12040669933804615