4 0.3632205378830699 0.20740522274906442 0.11992436993027074 0.07867495590203681
4 0.5519602458126261 0.357406302011421 0.12444797896477802 0.076576867367426
2 0.5703335513767233 0.2750818029159322 0.15776322351689628 0.0409602719354103
2 0.8101223070767064 0.3981795454527003 0.1655100215394249 0.08495593340079957
2 0.3006705334435945 0.45943803425988217 0.17383061993027074 0.08150006275401331
2 0.33861256587878275 0.6124335594746528 0.18120607735562383 0.07565949852966192
2 0.9150115388914761 0.52899685549318 0.16191512797604232 0.10033527193541047
0 0.6328160339477975 0.6231817882166111 0.19828967055068922 0.10846867650339469
0 0.19477617650277404 0.2919838613745322 0.19056465186125587 0.08704737788287557
3 0.6097613101787995 0.5161129166653136 0.15447968639013113 0.07192366689245625
3 0.4779914121759415 0.7800858061952924 0.17778614641337426 0.049015111374532336