2 0.8989653798696164 0.08022241129124039 0.11990912540538971 0.06709711729005094
2 0.25039288108413704 0.5162482104778009 0.14382786647693574 0.05005051785578498
2 0.7053760304322185 0.8938571435336513 0.05340346387914785 0.10576873184962707
2 0.08885891192668802 0.7496596324153615 0.05677392572970099 0.11984941256778683
2 0.45252675649282176 0.10262256859446972 0.13280459172016937 0.08982609016268786
3 0.8806294005626022 0.819884354109648 0.12474662986961604 0.07571813836729006
3 0.6427189285690748 0.34745432132494425 0.15187219155801354 0.06337721965118312
3 0.5195207564895264 0.5842134570599553 0.15995742694751697 0.07904767144658109
3 0.12620535876300268 0.4725613221105111 0.054839278813956095 0.1432732770291672
0 0.2028140921206159 0.8784345930895541 0.10926768019392785 0.128747689596954
0 0.8983530941525061 0.4926769594958422 0.13051538879807012 0.0929374546240684
0 0.2934047211827486 0.33995387607064964 0.20291254017804183 0.0785164063212707
0 0.46110387905224687 0.9072782523376912 0.16727504910649546 0.0954948280624393
0 0.17217419804754006 0.6446863069852007 0.19617161647693573 0.05035504488495217
4 0.5741145734529296 0.7134242340891226 0.11697504017804192 0.07801643657189175
4 0.6539445750777826 0.4982855682998821 0.11190571063273716 0.056114165494652826
4 0.4089597629856435 0.2023589481811608 0.1112062812495882 0.060797120315113064
4 0.22168585957707684 0.12471469545068628 0.09914265787279355 0.08572439744247609
3 0.8779785442352317 0.2652377607255063 0.14503185633066593 0.07427381303532483
4 0.7723162942319364 0.7458241645126942 0.1089852621748646 0.06781473477649361