2 0.5189548442695208 0.7337016794003797 0.05341152667183913 0.1387275308788123
2 0.7079060318419869 0.6519074247815261 0.10073306576151389 0.10736988229073816
2 0.784676212746493 0.5325556826990849 0.06101673258119451 0.1459633693586145
2 0.3834177621279715 0.19041702916295272 0.06122402667183913 0.1389548514119258
2 0.14570969440960366 0.4196569336235217 0.09067266848667059 0.05096075791755883
2 0.4912144156117327 0.16471599867985176 0.042506106518178655 0.08151442445232164
3 0.4737704057789709 0.5811844331613033 0.17015287439602603 0.06028794530200425
3 0.25527511048037826 0.6925154235943919 0.16796849212409226 0.08126803503544747
3 0.34680980880369 0.42940532132453624 0.16619882697140156 0.050040767088759
3 0.6439079494105735 0.459873037476223 0.04070397470528668 0.22175297954602885
3 0.7657678765220579 0.2054392532321983 0.03549044515850976 0.1865285333860948
3 0.5295752850067889 0.19544917313217341 0.03188759985021879 0.04691210391920828
3 0.2309143865239976 0.24131663644737328 0.08984362106204609 0.04080450791755883
0 0.8393311171483381 0.7438030712580292 0.10027055121764619 0.14944372202418138
0 0.8079869406165818 0.30253321357789725 0.05291719015753991 0.16131558471887839