0 0.1514976921297691 0.31328125 0.08497846715379595 0.1765625
0 0.1815099464650936 0.5328125 0.06862144382671272 0.14140625
2 0.6355125242220379 0.415625 0.04799587700300876 0.19140625
2 0.7876636187081495 0.65 0.05786916300675884 0.1703125
2 0.3870183612152789 0.5859375 0.09334804175319426 0.13828125
2 0.5096841731380104 0.56796875 0.07874829952888866 0.15
2 0.1704481414695848 0.76640625 0.07638471715379595 0.1765625
4 0.588416182939955 0.70390625 0.06471519382671272 0.14140625
4 0.3581195475491211 0.38046875 0.09959804175319427 0.13828125
3 0.4416045737509265 0.265625 0.06670692078245324 0.18203125
3 0.7143769838829633 0.175 0.16178639198874994 0.06328125