2 0.31929703117468056 0.2039483677011969 0.05783926919363651 0.16957837921876032
2 0.5443298821634162 0.21791163086322274 0.12938685124083732 0.0559548780376339
2 0.4544700706472343 0.32158475708675816 0.13133176349365333 0.06147819173996476
2 0.22028146890219405 0.5277157391154088 0.07298902179152655 0.15218254809323425
2 0.8712915838887861 0.3233952167132542 0.0705742159753278 0.16222967068857255
4 0.4091254476148706 0.5242385311333753 0.05565405632040186 0.13832837921876012
4 0.1260733749508238 0.7827331105296207 0.11056579542463854 0.06542908175849824
0 0.7019245888324648 0.4384175599044978 0.0664330191936365 0.16987847958158006
0 0.1313714242338601 0.3726140660645836 0.07320754307885005 0.15530754809323427
3 0.6611257181458894 0.7320956380347988 0.07931007760772531 0.14227183475372307
3 0.21517906963882819 0.622973675413078 0.13062156930985208 0.05132194173996467