2 0.3311672617201923 0.11213574799741519 0.0544452729789592 0.09685401603912895
2 0.38653348704318996 0.2293942967331109 0.09555113433001132 0.094819949104836
2 0.7484710849760068 0.283077194638241 0.05195132865448535 0.09436007171465502
2 0.0973777567829468 0.40560035549095586 0.06405081045588798 0.08891110811184948
2 0.7710526935492815 0.5130452968899943 0.12178416486710972 0.042816160548172985
0 0.6843306369509049 0.17579442320044122 0.08267040252860873 0.10021884793281677
0 0.1682175902177941 0.5807016826042817 0.07351544802510182 0.11519300586009606
3 0.34703540021225676 0.48216764574566184 0.08765829117755652 0.10520673658176456
3 0.411613544102992 0.7431761944813575 0.08920100478036197 0.09285693090623859
3 0.5618045087855317 0.6998198133905487 0.043887307216685476 0.15064035009228505
3 0.7612037314876356 0.6776282310354356 0.06719559685308259 0.10156130243632351
3 0.17963235887781667 0.7588266826042818 0.04635217072720588 0.10411580351605779
3 0.49361810841639137 0.5661247362772229 0.1552277205426357 0.04262519586563336
3 0.5748228338962725 0.31538545419896497 0.051079243521595076 0.1293160626153563
2 0.2981299259689932 0.3433146992617195 0.11002464450904412 0.07785249460132918