2 0.8352449672979108 0.3244586547924624 0.04602266669318063 0.19862767676456466
2 0.6880576005729134 0.7433718303076272 0.10023745202099903 0.16214664772027057
2 0.4781115305935943 0.5749849927505374 0.03955449069063519 0.17940408008391256
2 0.2792274932368226 0.7327229473099963 0.09953801802195353 0.16911869813518904
2 0.21949324530554676 0.2215001821631494 0.04694027669477148 0.21040562634964619
0 0.39192277597868286 0.18686784088108205 0.1095948180299077 0.22842284315616715
0 0.5828979332431861 0.708817386321623 0.09613175469445316 0.21179145020978146
4 0.41141164254459656 0.926826299589726 0.08922722668681722 0.14634740082054803
4 0.7072734139481387 0.43596207200925735 0.07108575401813547 0.1388625130722545
3 0.5568381566279563 0.3276023525034441 0.05581474267981754 0.10101897095570589
3 0.22076265459900313 0.5156053796736385 0.07655450401813546 0.13927691016782512