2 0.8276488616355365 0.3146570033868608 0.05170837452429922 0.19811612739018097
2 0.667952937682079 0.7352327143687726 0.10474053262324468 0.16099566162790707
2 0.4624417198110322 0.5693214103912896 0.04469437056996632 0.17896560919158375
2 0.25853151673155184 0.7293613371354751 0.10424578410611947 0.1679768468530826
2 0.2135346234985347 0.21890589605020358 0.052967126995756876 0.20988494216500567
0 0.38735146688246364 0.18226389651162891 0.11600829646340918 0.22717137415097852
0 0.5635665266173836 0.7019114697674433 0.10209037650146531 0.21069527297895937
4 0.38523464369012766 0.9246156755075677 0.09354836463846716 0.15076864898486447
4 0.6961521694304713 0.4276402598652658 0.07497477817462048 0.13804951495939477
3 0.5485370231945236 0.3210526935492816 0.058634853764052156 0.10037953423772628
3 0.20625272821398913 0.5129562846991516 0.08044352817462048 0.1383999683831675