4 0.12436750227508511 0.2765028798176278 0.083264631123531 0.13482275025210155
4 0.35160266326810286 0.37484827262470577 0.06913127614450917 0.14315977413731504
2 0.619509445836882 0.5107593674092552 0.04847615664334022 0.178239614482389
2 0.50031100517487 0.442937718902194 0.12193604481584117 0.11188227698730664
2 0.5164734145175027 0.17836712051134834 0.09061518983681918 0.11901743379224108
2 0.3489671898135973 0.7993348203951328 0.06890705581350325 0.1812225028499917
2 0.24050626222384003 0.6615995096352556 0.058052066186465454 0.16103568898802118
3 0.16853894168769706 0.5345231934274967 0.07160508070861252 0.13478454542463858
3 0.591309900396341 0.70856308288038 0.10898575892306965 0.08455495248167448
0 0.6618908130629657 0.2591204577543292 0.15493779896502602 0.10641888082603401
0 0.2728902804941867 0.13167706285356423 0.09535023402796039 0.13022808540139544