2 0.16548052219581694 0.12364567758805481 0.11657311597668399 0.07187463602181406
2 0.6020897605734549 0.258639492535306 0.13679052759440163 0.05152928503307832
2 0.21748684978092978 0.45261227572679896 0.15655857593472772 0.05602004307885018
2 0.22172037342663922 0.6838951267155347 0.17460983630768992 0.03785455112462177
2 0.25609260558049984 0.8353594377275135 0.10051040809323268 0.08551651894153486
0 0.8546460755105205 0.26895500761844315 0.17255042883915692 0.05169852983729824
0 0.16685007758511286 0.3209359408296066 0.09452143983681927 0.11929058540139544
0 0.06663901927280994 0.8742519649669216 0.10987467531467214 0.1475630508725203
0 0.45750081761313605 0.8438118040514879 0.12967768983681935 0.12174894988378426
0 0.4524421902378045 0.41830905949936953 0.18654207386013527 0.06200224530842302
4 0.43817358360839753 0.035742824461825404 0.10929341224241754 0.07148564892365081
4 0.8321478039394034 0.04463633973403876 0.10573070435896632 0.08927267946807751
4 0.48468323732873075 0.5978983705113483 0.11999411390209147 0.07599940730913754
4 0.8692787671982174 0.8142403744466208 0.11491552759440182 0.0499996360218141
4 0.1418696979114744 0.5480447440479153 0.12753392676456468 0.05243622117110789
3 0.36738564169698584 0.14605128326836753 0.16222823547785287 0.038542965975327845
3 0.42276911347788426 0.27661858623457464 0.08273091224241753 0.0765021518612559
3 0.711284393972071 0.4072030426515215 0.07721461805127632 0.06523686993027074
3 0.7820901109790845 0.6213969466064644 0.11420513257342364 0.0406246360218141
3 0.6348117852680716 0.02892358543983272 0.1236043659766839 0.05784717087966544