3 0.46313731847667283 0.5592207187778655 0.03601354567674005 0.1363934183207995
3 0.7930372579688971 0.7374526108389294 0.11782092055068923 0.10360449710451594
3 0.8417322120400555 0.5259114892511422 0.11835651609154355 0.04444782092583353
3 0.5787630464330447 0.3296701517809736 0.027540127976042328 0.09316995719592906
3 0.3856471949401059 0.21325755541946476 0.11572854282674853 0.08481810980096291
3 0.43474098675844824 0.00745497332597954 0.10073197351689647 0.01490994665195908
2 0.21514367080279087 0.16241430107623853 0.0717871547112475 0.13572348428423425
2 0.3241026796048672 0.397964349256993 0.09571097376899793 0.11036176530148092
2 0.20397548592526898 0.5407233916467791 0.07912440730913754 0.11815499462331651
2 0.6105743192329774 0.7733837644774206 0.044388774389416595 0.13366867865988183
2 0.26297805339353564 0.8240602764691328 0.05423366795279918 0.11855310090962305
2 0.7684539771231927 0.27380748780340014 0.12326789121759418 0.08127573283649223
3 0.561275261652068 0.27013248594137335 0.023907029585196683 0.0968942706781645
0 0.4390381728196033 0.7413996720448532 0.06294203243518837 0.15400044933804616
0 0.14866563703022023 0.39986510525284896 0.0972516944359028 0.08785106451569273