2 0.3128104309457987 0.06598660318593438 0.05657861474138892 0.08379711124870501
2 0.35485442021222235 0.15866210070473502 0.08432175503399311 0.06870080417661044
2 0.2665387622521877 0.2621017779168747 0.1086314240119445 0.0737350605867512
2 0.08245535619201416 0.31681931885891884 0.06975076196784728 0.07972819540910478
2 0.7332574028291323 0.4218104942135409 0.12541888050895836 0.05734808126491568
2 0.7045284183123612 0.19555836332012883 0.05385365824437507 0.1008390620344933
3 0.5375415932742363 0.2455691335840085 0.05370818787965277 0.09458906203449331
3 0.3117629561157642 0.3906056135250166 0.06537238649288195 0.0927911215877872
3 0.4716847764042365 0.473880378207325 0.1437324694147918 0.039471376550185865
3 0.12975511559441028 0.6689062036812723 0.04578723831649314 0.12309505169541098
3 0.36794544661645884 0.6539018260976291 0.08835529160312508 0.07435149069437515
3 0.5235226461796186 0.6177181153870434 0.04847582722232637 0.1044906009096227
3 0.7215237350854519 0.5897257402845996 0.058286585106111136 0.0901198858558109
0 0.6383747818194794 0.10869837221146897 0.061557055470833434 0.09651543507002258
0 0.13078701947038235 0.4780264925564019 0.05081957722232646 0.10459976282028158