2 0.3109375 0.09676429387082061 0.0546875 0.08411605042954133
2 0.35078125 0.1933836663266293 0.0828125 0.0691837692218769
2 0.26015625 0.2878529613291037 0.10703125 0.07435927012638803
2 0.075 0.3242430834462281 0.06796875 0.08012459124814422
2 0.72265625 0.4933415592475102 0.12421875 0.05807252883281535
2 0.69921875 0.2647695019205639 0.0515625 0.10113977611928178
3 0.53125 0.2981541327441156 0.0515625 0.09488977611928177
3 0.30234375 0.420532664517607 0.06328125 0.09316017978275504
3 0.46015625 0.5194282671857119 0.14296875 0.04030517469437243
3 0.1140625 0.6801965123244719 0.04296875 0.12334564676606803
3 0.35234375 0.688778053481759 0.08671875 0.0748572371097012
3 0.50859375 0.6680605189947342 0.04609375 0.10475942107632771
3 0.70703125 0.6597101876962127 0.05625 0.09044793758467104
0 0.63515625 0.17156837856024412 0.059375 0.09686171189493056
0 0.11953125 0.48985811736742607 0.0484375 0.10488225180902226