4 0.3489000665513663 0.19109874043383437 0.11526645169720222 0.07332439139235189
4 0.5269881842342007 0.3327645865484506 0.11994031615858276 0.07100791246959073
2 0.5516932684449601 0.2493117371141847 0.1556596475406721 0.03371699072842196
2 0.7830791029503074 0.3615991554375079 0.1606016775949012 0.0774942618056608
2 0.266940497662309 0.4468805869412341 0.16917270169720222 0.0736380087805987
2 0.29340248283158604 0.5986021682251274 0.17694884026088378 0.06743346057599667
2 0.8784410790443982 0.4879394625209043 0.1560050811856975 0.09309199072842204
0 0.5879610039088249 0.5956282009116353 0.19197894262201592 0.09955106898725319
0 0.1733546450065892 0.28383062021691724 0.1856062227744411 0.07842095755093474
3 0.5729541483262388 0.4892872973208391 0.15037270472226433 0.06493517447164336
3 0.4205911758463854 0.7602850776696559 0.1752318041565303 0.04086187021691714