2 0.2431081908640314 0.06756578084584629 0.10680992198083886 0.07211255357072244
0 0.055083731909776924 0.4829704127440575 0.06776843340079956 0.16119264448011297
2 0.04354760911528398 0.747773252435632 0.07435262607385329 0.13789151217486478
2 0.4409172540723299 0.7463008867727705 0.04831907055592932 0.16241422524323354
4 0.4380500401412343 0.4286730560096498 0.0527299315917773 0.11253695616851012
4 0.2894211103584794 0.49449074513203134 0.06963414857509047 0.09253810186643907
3 0.14847296302658436 0.3392828681017888 0.059099440298204534 0.1298199135548364
2 0.3323400299644691 0.2712890243530245 0.06826640038411273 0.14090741801906326
3 0.5317092661696592 0.20536619521475688 0.10236808344622812 0.07671823295387145
0 0.7274998852345658 0.6843194894532838 0.14529588986866332 0.07668700527500576
2 0.2680319527382774 0.8281526789794071 0.09474701322898307 0.13980856818121906