2 0.4642037551878415 0.8863982094125131 0.06697422359113006 0.13322683030538157
2 0.2730604000156984 0.8856813769810998 0.07832838584218216 0.1014346963664579
2 0.3278471368536725 0.662945249710136 0.08703126324684388 0.10526119803344755
2 0.3949850846689051 0.28843932834852737 0.06054317431676957 0.14984037439602602
2 0.27538685808255 0.37034341940475446 0.07259674101432534 0.11576826333591957
4 0.7092806422111501 0.8907341204823179 0.08223463584218216 0.10175356076054384
4 0.1234176195152954 0.30231141227775277 0.062194954353836485 0.1079079659112951
0 0.11167649983036396 0.6609689351565701 0.09093007876327333 0.1499837666698994
0 0.22867057078908895 0.4965871839486221 0.07579615208425103 0.16277080909355418
3 0.46403266271438814 0.5996316619878888 0.04093256796350016 0.21289848378914247
3 0.6303174055428121 0.45964387502424586 0.05062253729346118 0.13345009985021877