2 0.5153119562126734 0.2573164872923003 0.049440221598993264 0.18104257697140155
2 0.6789373919081247 0.3231163147227437 0.042590809554896046 0.1882811210620461
4 0.5391442740326038 0.5113023566873565 0.03506794386357655 0.13308343803150802
2 0.40845993132704833 0.3753971944096037 0.07558449430041687 0.16524210485118865
3 0.3873434250587843 0.6100592368332582 0.059031467514930644 0.09059292015366047
2 0.760108777832326 0.6357914000290951 0.06255781743868064 0.17509546591129493
2 0.5664665741851037 0.6826032718400471 0.07258678086954866 0.17045576333591955
0 0.09401230556774261 0.5344543615191484 0.06237663269315989 0.20081294303247788
3 0.4772728683536799 0.8827470509277822 0.04555084897381949 0.11444500833494971
0 0.2070883081331938 0.8215553619781903 0.05678059612402793 0.19489778288075676
4 0.6778352595962145 0.9421692036626373 0.09749390226045147 0.06800031409452387