2 0.4425829710303123 0.23360125071779017 0.045969729482777846 0.16397321996293304
2 0.5451065993550692 0.33022576877395754 0.043117486416631934 0.17558284255827133
0 0.35726045402847195 0.37214290634542024 0.08217998641663211 0.17694693511654283
3 0.20944446913045126 0.17229169536816183 0.0746746513105209 0.08925596215838479
0 0.15943467097472167 0.6748611346610558 0.05747092714607653 0.18857391587924913
2 0.2722405294478465 0.8336136304847045 0.10717867999586819 0.11068701805616712
2 0.40336585572024247 0.7091816040758347 0.1115388716752431 0.09678820916315978
4 0.5169159433918049 0.9031449136018143 0.10027406335461819 0.08234376324684405
2 0.644809126521805 0.6824281642347867 0.04061008225631966 0.16846974700477518
3 0.5751168352030204 0.5525472020764017 0.07549226890170146 0.09084574400955017
4 0.15338926519888854 0.43070190689357446 0.06139405452090285 0.12235863883740698