4 0.4947859876055293 0.4419594962971871 0.1076480153230392 0.07509287860909737
4 0.5689172128909499 0.5573104329425689 0.10895584733826169 0.06887924620027785
3 0.39265716593324906 0.7838580151988885 0.173035593383929 0.05163850123427096
3 0.5041132721687593 0.6727730852030204 0.09050693627356629 0.09498715131052098
0 0.707511480685447 0.46978963630545073 0.16335418726214943 0.1013657443004167
2 0.21897426821442662 0.6981419867978818 0.1375755958553869 0.06252079663711818
2 0.24447296981103211 0.532080575703715 0.14789101334587285 0.06666343597979178
2 0.6139100138029834 0.3150859121410064 0.14202567391627668 0.03764808320625015
2 0.3878369451336338 0.250882514248958 0.14607384536109524 0.06037706838861121
2 0.756697102701107 0.6801627854317702 0.09757001977166357 0.09593205547083343
0 0.24770008197804136 0.3954163770904859 0.150122016805914 0.08310605357097237