2 0.2516762999284124 0.5168386956279254 0.13800907733927242 0.049352695665106514
3 0.5603427752625942 0.4980144638795331 0.13552896733768166 0.03753844517081486
3 0.708225744589458 0.5396223492410659 0.081486904678545 0.09077885030401109
3 0.5591086339513204 0.3356417978719219 0.03960848734881743 0.11562234140676253
3 0.2759961419478206 0.37294677418310673 0.07616360534690844 0.10305601581733086
3 0.6563108979551384 0.30356944410786957 0.08537497334499947 0.08937551779449712
3 0.8361711206238202 0.2814039895455146 0.06256472935231727 0.14232676285158127
2 0.6490394592218688 0.7942581111040641 0.10570565467854483 0.09176568874502422
2 0.6865838178708241 0.9231351861992042 0.10489713267822669 0.08939010524692712
3 0.45210137189691385 0.7405932361226546 0.07515508867759042 0.08349293231923376
2 0.5521335699793191 0.1297737998490882 0.08394883334659031 0.10103060079830276
0 0.863313781269912 0.4317886501159183 0.07477382801559003 0.11783609882113648
2 0.7818246872215506 0.7911901664275407 0.12867953067313617 0.05287694368794007
2 0.47829969788355076 0.8379165636892527 0.06979542667886314 0.09264509783255334
0 0.34661334587846016 0.8807645913695815 0.09825678134945388 0.12269735376405251