2 0.2830009175237116 0.5398243635250166 0.047380975405228655 0.17302227708830528
3 0.172281672333035 0.5387413606295325 0.02866569173996476 0.1284717564101408
0 0.43697414411006663 0.44139536393930134 0.09918901206571765 0.1824550891227986
4 0.6125991374866447 0.48235419603278656 0.054184046912107854 0.14447990012383444
2 0.5250420845840871 0.5550704121200558 0.0513417891075596 0.17476671360606985
3 0.7825495389379236 0.4401195384653539 0.045716782484137575 0.1253660270883053
0 0.25563977623923384 0.7649527961138398 0.09680062204718407 0.20340328990858686
2 0.4212002888531055 0.781421050457066 0.05161460761921397 0.18257921360606985
4 0.6670038621740833 0.7559329371414464 0.04249257876327341 0.14471534057054072
2 0.31049103358044594 0.26633120554329925 0.08921381134007814 0.16483094148016333
2 0.6291641664274034 0.11967225951502189 0.06645835761921397 0.18327057237357552