2 0.4534162142252424 0.28116877308267324 0.10818498924663303 0.14455139342673623
2 0.6341503298171736 0.165122279732187 0.13176588440806897 0.1146645248856251
2 0.5600408575246514 0.4546588648382981 0.13525260339082212 0.08899237765916687
2 0.7281166153825342 0.4194629811952078 0.13176373035529282 0.08110714247680555
2 0.581993056034128 0.8084378282691663 0.15411176530148082 0.09177253875333342
4 0.3344780471427879 0.7500668562889233 0.1233883041766104 0.08559462072531261
4 0.31851048304137997 0.507988459062465 0.1131228922659517 0.083014481382639
0 0.8405632272504118 0.7179530729508327 0.17498719148016342 0.08757600123427096
0 0.1732150996667685 0.4949462112466666 0.13133354487098553 0.1724042897032639
3 0.8039984110820892 0.2855224326582285 0.0659225605867512 0.10844958605604171
3 0.4921192650920839 0.6251726930105551 0.1277290477664696 0.061503157294444576