2 0.254744503810629 0.5363467608845912 0.13775453005422927 0.048551605805115375
3 0.5633746152469474 0.5408730920949353 0.13534260236113216 0.036751010251619046
3 0.7115348592950191 0.5937128938163665 0.08097781010845857 0.09031003067003915
3 0.5611950125912277 0.37826396469027357 0.038944846212812044 0.11539931070710593
3 0.278232521666414 0.3941691845683886 0.07558178298109546 0.10261905771188111
3 0.6582336390546608 0.35352191423478657 0.08487496974937905 0.08888393992586625
3 0.8380074974659172 0.344952990002835 0.06175108713762576 0.1419717343909034
2 0.6538167663036608 0.8440923505324557 0.10519656010845857 0.09115576805616747
2 0.6921202213205128 0.9657664124941132 0.10440167456983929 0.06846717501177366
3 0.45651958548730576 0.7754712921876024 0.07468690349260036 0.08306052586071573
2 0.5530199399897373 0.17168658247628837 0.08338064744247617 0.10054812622353534
0 0.8660319826351943 0.49752491849595587 0.07410564139235198 0.11740824400955034
2 0.7866156307650416 0.8510740152305786 0.12840225595192828 0.05213047359113006
2 0.48329064286528983 0.8748636569783924 0.06927269564707803 0.09224455290255769
0 0.351822474247379 0.9077803059826006 0.09756586729005097 0.12213294954451329