2 0.22022833650124501 0.7645558844101308 0.05785326708875882 0.1646646778706092
2 0.23621836401484514 0.537594136387297 0.0703078029821361 0.16361151384016442
2 0.5307064984171543 0.6317221156642314 0.08683607343610725 0.14165560079830275
2 0.6499325568760739 0.8352529753597826 0.09124242860895677 0.15900226828878877
2 0.4597731874509524 0.408258099352609 0.10596650666391767 0.10185827174882985
3 0.6316231068887092 0.33547846843970053 0.05527383636823089 0.18328734387822046
3 0.1966834687254762 0.2027761260071737 0.049205692794721756 0.18928267589344294
0 0.408989308129715 0.8363857579458465 0.13624504005001228 0.12338044467652338
4 0.8223520923072328 0.5278436764620966 0.09156903754272996 0.14340910178688587
4 0.4105557521115711 0.19115417098770812 0.04255487602253201 0.1484348414067626
0 0.32632184144930293 0.34415715418179416 0.13229332594338974 0.12165877718603735