2 0.22046813602004453 0.1400173316736802 0.07281188602004454 0.15013889845605394
0 0.11471976471990664 0.38834075898567466 0.12955223468331742 0.12713047359113022
2 0.18690494207508745 0.5468228923807862 0.0853664300206809 0.1552629080747007
2 0.314056693387952 0.39154013693849055 0.10775905068427197 0.13339783175849815
3 0.38303231802990767 0.20702623848243662 0.08429373134149962 0.06307540807470077
3 0.44787442600254534 0.011590994990024524 0.09808351133831791 0.02318198998004905
3 0.4355787994111783 0.5584597637101801 0.03139599801081765 0.08075149219545175
2 0.2179662274426768 0.7981844957388308 0.06111131735358999 0.15129217068857237
0 0.4038668174331318 0.7213516333102936 0.060003350692226044 0.1903001069862416
2 0.7613760413749071 0.27978660436953495 0.1183238333465905 0.10174852767481415
2 0.5647230487746314 0.7759151038213808 0.03999029535327185 0.14821181070710593
3 0.7353531747692226 0.730096628416152 0.07681758601209036 0.0917088395630465
3 0.8089163020766783 0.5368252888531055 0.0880636213399086 0.05149306733052796
3 0.5790635280474069 0.3291393075422451 0.0429329346753633 0.06553571996293303