2 0.1918194346557378 0.1984911574658541 0.07090115901517464 0.11748669108527147
2 0.6741203583532209 0.12291974707456452 0.15508991439185812 0.052000195865633446
2 0.9554796360606985 0.39324752930970597 0.056894316996891806 0.13450421036360288
2 0.7947154563673596 0.27269160472498877 0.143880586641599 0.06218672424326357
2 0.21128664205655467 0.6164599074658541 0.1454602032669876 0.0459306685677376
4 0.3599957382131757 0.023945333130305464 0.13050729135632883 0.04263568784606899
4 0.5430309859368642 0.3703127860926528 0.11973461124870503 0.062197216223699135
4 0.7108991902373092 0.49198062770394807 0.0446276033908223 0.08854086829088245
4 0.8864986195163634 0.7628171545404185 0.10629069540910478 0.07457730027685514
4 0.5547842007812791 0.908663887264672 0.0754238391227986 0.09752464450904412
0 0.1614963496667685 0.48957603485603507 0.12086692576439768 0.15340320712440042
0 0.42289623014589584 0.600548603488371 0.17242511765884566 0.08972024136212671
0 0.3932173463569996 0.7372265831303054 0.18136347001621064 0.08094601866002264
0 0.6516848178209523 0.7347677074381675 0.20489086124870504 0.06765427667958708
0 0.8578364261741733 0.8876762546327036 0.1639212588913402 0.07437584361387976
3 0.38203351984959494 0.2952195558324095 0.11602741439185812 0.04949695712440043
3 0.8665968027288684 0.08315993291804871 0.051239322373575646 0.06326026603912896
3 0.8495315047530017 0.5747757364341064 0.10183863585581107 0.06260822640273193
3 0.14905212344530483 0.7944032372000736 0.03583480024766903 0.10044009099298634
3 0.36657141728283305 0.8549042388981165 0.08814000889134022 0.06951956045588795