2 0.6745847629856435 0.22343511015110257 0.10382620373287814 0.13323414065150557
2 0.521184847805954 0.381259989918017 0.04700918790456558 0.18824653366526398
2 0.881376279624735 0.30639148700761015 0.04511940543716157 0.16944196996293304
2 0.3096002857105197 0.5604762308475243 0.04888928774240977 0.16176587921876012
0 0.5967963226421507 0.5978324202252363 0.1516636858759707 0.10055061542376223
0 0.7210951189092725 0.4725645801140357 0.08693475852141663 0.19432540807470086
4 0.8438406923654972 0.7056176714911807 0.1096437812495882 0.06394842731199439
4 0.2714862256436802 0.8371007290334258 0.10724548417168744 0.060741581758497885
3 0.5782368319743462 0.9212054328391079 0.06098018465815471 0.13876488883740734
3 0.34988614082336966 0.6766567915546303 0.12677673417168744 0.061423628037633904
2 0.4079290969951751 0.24457346705252622 0.050710886362438146 0.1766641929210911