2 0.30859375 0.6729667349034069 0.0921875 0.08554370181924557
2 0.40625 0.6517338978475229 0.07421875 0.09564429383752823
3 0.2109375 0.5785745719592907 0.07421875 0.07923804383752824
2 0.4859375 0.5913829028099217 0.0875 0.08766912799792799
0 0.61953125 0.5929176317174725 0.09375 0.10358522642635144
2 0.2140625 0.4005951211735025 0.09609375 0.07556938833701014
3 0.3328125 0.40456349131354763 0.10390625 0.06265201137253947
3 0.484375 0.3491226282028158 0.1296875 0.03416529238978612
2 0.68515625 0.39831791521591847 0.11484375 0.0725364336222805
3 0.61953125 0.23823013171747248 0.0515625 0.09068281203449331
3 0.809375 0.4837909964808341 0.0375 0.08299659057054054
0 0.7265625 0.7166526923042238 0.12734375 0.10358738047912723
3 0.5359375 0.7913679402373092 0.10703125 0.04326631058675119
2 0.41484375 0.8443216581866052 0.11875 0.06490587014004526
3 0.678125 0.8972091794839422 0.03203125 0.09211687944567011