2 0.16015625 0.3746468972283504 0.1328125 0.11790459160399784
2 0.771875 0.32110690591029356 0.14453125 0.1364191511572918
2 0.890625 0.4766377760503387 0.12265625 0.1924315566578098
2 0.4765625 0.8393837551672865 0.0828125 0.19526330417661059
2 0.175 0.5909632559958561 0.1421875 0.08865373924663303
4 0.521875 0.3094629687733564 0.11640625 0.10854670822938636
4 0.39375 0.31599545099067605 0.09765625 0.1326734129441161
3 0.33828125 0.8212244524384182 0.03359375 0.17968965405277615
3 0.4609375 0.5519372590962279 0.09609375 0.12244438833701032
0 0.71796875 0.8545336819651415 0.21796875 0.11874580769126694
0 0.653125 0.5663572857702484 0.1921875 0.11051377667402029