3 0.8830664894265452 0.29733950732667047 0.1050571207505687 0.149764171544777
3 0.5947027290535829 0.3185570189359395 0.04813169191141178 0.1096068041565303
3 0.3169804707552132 0.33580464803165133 0.08941954274124866 0.10828519867214012
3 0.6172908919207004 0.48256043160192197 0.15590738049883104 0.03760960518980241
3 0.7584612661957542 0.5301979800029157 0.08529980518880328 0.08483406313352085
3 0.5124061728390944 0.7074882296101321 0.09983590186945542 0.09116587636523725
2 0.301180639846108 0.4883074793155446 0.1385189709557059 0.05546927088084708
2 0.976422719924215 0.6273719200908487 0.047154560151570026 0.09796532220870695
2 0.8507717784428163 0.7891502783057135 0.14688757800931995 0.04224256303532492
2 0.7651088108111026 0.91704854020957 0.10434580311421086 0.08884939744247618
2 0.7216879296875717 0.7875564829297819 0.09971750269929239 0.08960337636523726
2 0.5428651126759136 0.8206422145830177 0.07734559523075965 0.103529520979043
0 0.41837459815376654 0.8487222836684666 0.11387509108157481 0.11155109923787414
0 0.9047191143262989 0.4386821248131131 0.07497853444287869 0.12381929508134401
3 0.70200574357573 0.2905769438003663 0.09095780933798814 0.0770579245698392