4 0.44497563583320704 0.21556628278954415 0.06956358713762575 0.1434467848257091
3 0.6742227742986927 0.1689690010160528 0.08702782220870695 0.057669737109701205
2 0.6010160366935287 0.3941084418800842 0.03933573165323558 0.18325623530067894
3 0.13762063632418636 0.5237760939616777 0.04631698467829777 0.17503097749876276
2 0.24692745863108917 0.5412269448207603 0.03539312021691714 0.17680151741285463
0 0.4067933380213885 0.46520443464399497 0.10491073467829785 0.17810174581612853
2 0.4873479255517978 0.5889938167107421 0.042410734678297854 0.17482625961093845
0 0.2213724258463854 0.7696451939162492 0.08396697560311148 0.2027775192218769
2 0.3884644770760494 0.7948133695151326 0.04322380093507636 0.18033595318850343
4 0.6314150463578901 0.810671822137809 0.03906302088084708 0.13638123530067894
2 0.8218905763139237 0.7120273614860738 0.04548573770335977 0.16639628392119796