3 0.18431922622146368 0.3135246687014785 0.06377786372990438 0.09764296189493056
3 0.4339618153442622 0.2334122020568495 0.06406896215832773 0.10389296189493055
2 0.28946683685099617 0.5109086810259503 0.06134853060296184 0.17934666327441154
2 0.17134392142568067 0.6425537494341731 0.052572844085197266 0.17499003392119797
2 0.5259031046336764 0.39486203640758877 0.11386990901517464 0.11897240728151778
2 0.7685101356509231 0.38173235187513543 0.10847608767505648 0.15376016508343388
2 0.5418554745688338 0.6745019487774891 0.08342258374611511 0.16803402702379308
0 0.31152150351916585 0.8276767791714995 0.08620513544152608 0.21104372060135787
0 0.748030545908952 0.7205491904097462 0.09216403701310263 0.2051212692218769
4 0.6217119867699429 0.8768257666198849 0.09023335587202155 0.13020315637700647
4 0.4259116050479612 0.5407710006773685 0.07019268362228051 0.11824206693788461