0 0.6766096010840276 0.12145092928356353 0.055027127003008755 0.19318922787409348
0 0.6534501053728692 0.5829920508713508 0.1692564308672221 0.1292616226212445
2 0.7731010581530547 0.3546401108389295 0.09147247492949048 0.19177443114108117
2 0.23681153510879546 0.42040873759400316 0.08614042596624963 0.19308222001621064
2 0.42215087869995244 0.6290644919372295 0.14102412412828685 0.11783181699689216
2 0.5440531474088873 0.803022068654031 0.15786030961365718 0.09683011228216216
2 0.8297870129130078 0.6618511433039181 0.08287872492949049 0.1913741708019991
3 0.39110132803976816 0.17553923159814716 0.08636601842611089 0.10672734305173992
3 0.4798581975499065 0.42791506079614816 0.1493062243638427 0.04352317576439759
4 0.8041499002836094 0.8709200823028821 0.11443222983046261 0.12515201137253945
4 0.31830200023634114 0.7421531509524041 0.12011630183796278 0.08340115901517464