0 0.28297820954245195 0.5848851758260261 0.08217712452429886 0.19920213986866314
2 0.47230335330694173 0.46613741858993685 0.05411845011373071 0.16109130823145748
2 0.36435956623507265 0.2956378900958058 0.09652878460041112 0.1687710114199607
4 0.6145319570709941 0.5557654053609538 0.065073196159398 0.14295546189493075
3 0.7802524575652856 0.5494291169172001 0.04608577422028777 0.11701375961093845
2 0.17668444718516224 0.5317369216421546 0.05469145307948029 0.1751538082314575
2 0.6349638849044222 0.21177638794809925 0.04616137007567467 0.17626592887824383
3 0.2435085553606578 0.25029881388566694 0.059749026197454126 0.1270848004295413
0 0.3516512495800705 0.7715353267759657 0.07505037403000739 0.19648989767057934
2 0.5887931053212891 0.8655841406616327 0.10930069863085592 0.15696705223856355
4 0.683709015891693 0.8316418306211529 0.056129277680328826 0.133911332541717