3 0.1701178671805364 0.6870416957642226 0.06550664271557949 0.15880435015828454
3 0.4290836902209323 0.6654321540648576 0.08306020407749273 0.09140390149106814
3 0.5819215337152992 0.6242351895625234 0.041941110583125864 0.12689512061225566
3 0.7800635170222519 0.608304998021443 0.07058293613080409 0.09182143863808659
3 0.5004632820659467 0.48507941284034617 0.15329849623907635 0.03724525039571134
3 0.5740442199126103 0.24601926134927812 0.04709997202418137 0.08957697703874637
3 0.35081497156196306 0.39404053886287815 0.09137280925034226 0.10881872202418155
0 0.16528430001263528 0.4940502137109113 0.07443536183676706 0.11691236685133202
2 0.09659282132453621 0.30995401002912987 0.07699206050398355 0.09747204506457736
2 0.2978681648189032 0.26734765822149265 0.11622204506457737 0.07753762978345576
2 0.7367344365265156 0.22095576220720795 0.040159650237426806 0.09249738855894432
2 0.38854933762187227 0.1591510618241318 0.09772209765100212 0.08558581050398355
2 0.3403271347980207 0.06046952091618953 0.056747756663917584 0.09922476167848249
0 0.6683815901291548 0.1291152546853605 0.08471363229073817 0.09457436559769077
2 0.7774971435070023 0.4394868018615089 0.12071331677218974 0.044103004156635