2 0.43458536145717047 0.84609375 0.07145937278026224 0.128125
2 0.242922385342384 0.8609375 0.08166489926336587 0.0953125
2 0.3056401786733356 0.634375 0.09047717055068931 0.0984375
2 0.38604213476130633 0.25546875 0.06562998986054129 0.1453125
2 0.2632441371070948 0.346875 0.07645287537815229 0.11015625
4 0.6802092178937877 0.83046875 0.08557114926336595 0.0953125
4 0.11321663995708642 0.29140625 0.06580495248167453 0.103125
0 0.08892257223671822 0.65 0.09593484889504875 0.14296875
0 0.2119880036831708 0.4765625 0.08129319468800436 0.15703125
3 0.44442380924726804 0.56015625 0.04828930657250332 0.21015625
3 0.6160688523261181 0.40703125 0.05516238342392406 0.1296875