3 0.35220979682728987 0.16820092437338716 0.061696446549288186 0.13591759536109524
3 0.39263877923445867 0.7976854945256114 0.09358879809323425 0.0662245192773721
2 0.14722461943047738 0.6095302144110057 0.0969692584375205 0.0960075197716634
2 0.2815673591788584 0.7390201017497049 0.10143850362819702 0.0899485207602467
2 0.5460787816815295 0.6260439633852415 0.09954862141421188 0.08050985376405233
2 0.7838169169755573 0.3191241654389575 0.05158483656782167 0.11444184338392897
2 0.5835961729660072 0.40061554045754805 0.1425347295815799 0.06041752965749527
4 0.701373983124959 0.15553385072394066 0.07186013103285874 0.09186384783255322
4 0.7750917030030742 0.43494016642754074 0.09676836179556503 0.06791435326976067
0 0.3263913081752173 0.4384006778334283 0.08049108656782167 0.11561968281352523
0 0.7993228327699885 0.5899804934998473 0.14151786660488846 0.0759788626613009