2 0.3035568386214929 0.200233536861874 0.062193488316493094 0.12420546189493056
2 0.2809336901607636 0.36762243272343104 0.17972452080156254 0.04453232926235664
2 0.08723693512677047 0.4425383028043905 0.1641001740119445 0.07726626413349429
2 0.31720884375239516 0.7535289552246682 0.12467530452090295 0.12669969810012063
2 0.47486879416857625 0.18189189337516617 0.09155367999586801 0.11169881784239584
3 0.2833657462971871 0.49780457768047687 0.06798889342673622 0.10500176051544959
3 0.11943379891822888 0.33316994685692525 0.11775119766329864 0.030360286634731358
4 0.5048790300165275 0.4011431823847468 0.07654627583555573 0.10388963986866315
4 0.5671569052071522 0.6085595347141675 0.07507469481350704 0.1077140027135334
0 0.9046958856398607 0.4550981835164006 0.11671798736656243 0.15359306874690687
0 0.04480912652180501 0.6562223445275046 0.055089503134132044 0.12071196969684675