0 0.23752266649361164 0.2948636578133406 0.17916938162115734 0.05989344209011431
0 0.6583423058904634 0.2645519890273621 0.17237186894449047 0.11532398726265125
2 0.4734902693210655 0.38289280758090954 0.13380765494824054 0.09166261213660061
2 0.1509037868987046 0.4853140591703934 0.1386222940622684 0.07569340471124733
2 0.6727794954283344 0.5846895264062291 0.1376359925071295 0.0732950243894166
2 0.5009940953810661 0.7243808210745628 0.09817295131958304 0.0837354976542116
2 0.44654989462713085 0.6459009059717552 0.054031972054768215 0.11170767834435935
3 0.3139916728551865 0.6696447725478312 0.05963742309152753 0.11365259059717552
3 0.5459230524500935 0.4893556110513197 0.124657538878472 0.0669521892401228
4 0.11821984307199192 0.6252999208027908 0.0744032606504165 0.09604982735562366
4 0.6845974073037976 0.7191409360611549 0.10629780961365717 0.09672717055068922