4 0.1940974664344175 0.6944594662274295 0.06759629465362353 0.09187042574646931
0 0.5064000453594952 0.6927648343161147 0.11329520250377918 0.1417500934471672
3 0.11565467704246579 0.7752617159753278 0.10011339206513989 0.04901629022885849
3 0.33326013501967816 0.8775501076971249 0.10894236049510883 0.04029685409082902
2 0.7026016692205452 0.8931793696012946 0.10692410516284986 0.11251606151618176
4 0.5148370877352187 0.9671702555547139 0.09466702886860805 0.06565948889057224
3 0.6490649584713226 0.65410616192384 0.11661064732681173 0.05172602698730664
0 0.8356086741998684 0.602827157232263 0.20898786312594453 0.04807078528517987
2 0.8865888033225902 0.7915179526569014 0.06717136042452161 0.11129241510280785
4 0.5228635634224108 0.31581992206329856 0.08313799466774104 0.07817391250491763
4 0.1520674030825938 0.4867837240210996 0.12038038943430399 0.04965542859646099
2 0.23552318714228648 0.33337985459503194 0.1078495683311469 0.10168782215984366
2 0.3082271268448217 0.5800688203182582 0.1468518841726322 0.04995035953871039
3 0.540871568825257 0.4645523530055481 0.1035492052052021 0.06793018119435104
0 0.16966151066451804 0.1577682133774378 0.0947573051063801 0.17079845507956457
0 0.4641850553887288 0.16502796438584397 0.07284450775133351 0.1552609363901311
3 0.7407714002399963 0.3051712712104489 0.1106868710184525 0.04353111473449056
0 0.7875561240022243 0.39080812245128616 0.16981894731269415 0.07023000854997478
4 0.863858831697088 0.18513155884141727 0.11748290258848364 0.0533431573091375
2 0.8292137320076716 0.5106014524047999 0.14970386838761662 0.045481380826034014