2 0.4449435172981192 0.6999823226375057 0.15717451333591956 0.078462566315984
2 0.8297176457770312 0.5676527930232579 0.14717776000193936 0.060724353792912925
2 0.7811693491013127 0.3251753963547454 0.19886780575957416 0.06559112893134049
2 0.7269765724294737 0.18492183373938909 0.11803213606495558 0.12258400370062783
2 0.9202777124566289 0.9154079750092308 0.1376432633359194 0.07721094694536745
0 0.5957730804745592 0.567427045801035 0.20062162439602602 0.06803500848098984
0 0.5064569072767829 0.13970376156330877 0.16221257076248358 0.14018131631598418
0 0.20071528517596668 0.6594622424418608 0.178746624396026 0.06663319478589927
0 0.9225442928826967 0.16248203654485288 0.10524509364130097 0.1373078377537839
0 0.9174244241158604 0.7186028261812499 0.13885481909549355 0.1301356878460691
4 0.10047797424624479 0.10747014342930994 0.13496480242559428 0.04439844694536763
4 0.5317590225889532 0.38302296498708144 0.1146521734876405 0.08117775370062788
4 0.8989462647130455 0.4827153909560746 0.154687371062046 0.047993816315984185
4 0.24803592169996427 0.8964208243355486 0.10227971924527494 0.08193921730343305
4 0.6599458613984621 0.9626098797019204 0.09480205909355419 0.07478024059615933
3 0.24754364819292718 0.30963102559985295 0.14344698212215254 0.03406172424326357
3 0.3267201915346657 0.5369735780361765 0.09649210485118864 0.07768251387966067
3 0.6399849503286574 0.7186984515688462 0.0993460378817268 0.0840827082041347
3 0.7223027270004965 0.8607543460778903 0.08714905575957417 0.05843186613141427
3 0.4636607927620104 0.9483196930878564 0.08416757697140156 0.05046917180693988