3 0.10973017171020678 0.7010186867663348 0.07008352879802082 0.1609363024363235
3 0.36992421906525347 0.7035776920081221 0.08565604991529537 0.09421917180694006
3 0.525969092714542 0.6767217026485802 0.0456071735645839 0.12823442396640844
3 0.7249981269154089 0.6792819054540441 0.07320155254613141 0.09419938540974541
3 0.4568613188958442 0.5303590399409389 0.15425486049510884 0.04257513109080868
3 0.5511173660391293 0.2987969617478789 0.049673047284459315 0.09113494216500566
3 0.315537639857827 0.42563436227390267 0.09446960779368574 0.11190731955518665
0 0.12175057152668015 0.5081000015411595 0.07778263673288092 0.11939964450904413
2 0.06929894766563019 0.31810725478036195 0.07977007096198281 0.10006865360834274
2 0.2737813213149186 0.29435528145994905 0.11838524992941286 0.08152820712440043
2 0.7155816844408633 0.2889479996862329 0.04282380780780315 0.09380935919158376
2 0.3736741764777684 0.19489430443890834 0.10013577886860806 0.08892040252860856
2 0.3341860132247668 0.09199054749907802 0.05959407885449055 0.10111071946290155
0 0.6554170001411743 0.19099255860096148 0.08740056043863902 0.09744430135658937
2 0.7371704451759686 0.510682099778518 0.12189738680346807 0.048284910548172986