3 0.6755540191214479 0.35 0.04670262415097852 0.10703125
3 0.26153109191583707 0.375 0.04741402297895929 0.09375
3 0.3630261358711708 0.23984375 0.07091207973421945 0.0703125
3 0.3463950501199717 0.46796875 0.035444949104836 0.08984375
0 0.36727445634920813 0.671875 0.10842017658730203 0.16796875
2 0.5277206030177205 0.70078125 0.053052753700627876 0.10859375
2 0.7128105945367308 0.5046875 0.11019462523071262 0.0859375
2 0.08059556523624997 0.17265625 0.11129724784053167 0.0421875
2 0.10738740514950225 0.225 0.061317034237726234 0.0546875
3 0.8667947925618325 0.615625 0.05662953423772628 0.0546875
0 0.30259829194352367 0.80859375 0.1560485433370249 0.0578125
3 0.46645004086378955 0.8296875 0.08921149676079754 0.06328125
3 0.6766845249815441 0.41640625 0.06289002621816167 0.03046875