2 0.34074041178479075 0.24556604507714655 0.07146159469361421 0.143483960466874
2 0.7047540445736425 0.28585305595342614 0.039811076495016806 0.13541385523343702
2 0.6154460109542251 0.537786553252003 0.05390385487264702 0.12455965521931951
2 0.47407933374861433 0.5211135346949772 0.08912066162790726 0.10326077886860788
2 0.36560219309708153 0.8535535793486007 0.11043565468807692 0.05935886042452161
4 0.49170002545219466 0.6469556978773917 0.06109579117755661 0.10318518415851478
4 0.17616226789405548 0.5182285423051363 0.05715926279992645 0.11463091837349922
0 0.6056564080841629 0.33832487954624485 0.04834426973975674 0.15926087891096036
0 0.3938189397009955 0.4253830767177648 0.08416185379291292 0.14733700256024881
3 0.5451371036452546 0.7240117505646974 0.06670424352159507 0.1299751973126943
3 0.7887740869878168 0.56582971131392 0.0819590037006277 0.11296200256024883