2 0.0921875 0.25727616881430254 0.0796875 0.12311985831306052
2 0.278125 0.14603816608382805 0.0953125 0.10602326190385666
2 0.6796875 0.44057694380036627 0.15859375 0.053266421446581266
2 0.7734375 0.6806565222555891 0.11328125 0.09519030103327228
2 0.14609375 0.5444625514260558 0.13515625 0.05156756606038684
4 0.46171875 0.055907548891972955 0.09296875 0.09038462636523725
4 0.7953125 0.3188105072284746 0.0625 0.08786361436318471
4 0.8421875 0.5271315464560861 0.1234375 0.04993688836728971
4 0.11796875 0.8875949278894888 0.121875 0.04836529800821019
4 0.46640625 0.7254115278147341 0.08828125 0.08645110528799833
0 0.48515625 0.3424899435057787 0.10234375 0.12559541851971492
0 0.20078125 0.6589881388582691 0.17578125 0.0603976653964569
0 0.14140625 0.44370857250329454 0.20078125 0.050386861141731035
0 0.53203125 0.8664359827333902 0.06484375 0.1480334999018041
0 0.8421875 0.8841627964560861 0.06875 0.14805622579950323
3 0.6515625 0.1423030702637994 0.12109375 0.04289200282867038
3 0.86484375 0.23793723624943156 0.10234375 0.04122041851971492
3 0.45390625 0.5778280006873711 0.08125 0.058285198672140125
3 0.33515625 0.384768867977422 0.07421875 0.04261929205628192
3 0.23828125 0.7439262202403583 0.1234375 0.03040563836728971