2 0.5015161074456023 0.24514850213672573 0.060828067672175655 0.17998290258848365
2 0.6617803727141671 0.30709330724310585 0.05448032285597186 0.18738587891096029
4 0.509194740527362 0.4984401021084908 0.04344578656939788 0.13233435786427278
2 0.3865370734681025 0.3656591522355478 0.08581850574944419 0.16356124203690517
3 0.35027021691745486 0.6006865996188292 0.06454980702175916 0.0892591920510224
2 0.7233365700277326 0.6177038545275653 0.07349416300675884 0.1737251973126943
2 0.5256810285573623 0.669010207341928 0.08317195937810151 0.1688479815135615
0 0.06025010113051027 0.5319696077936857 0.07496848011328665 0.19946094468185843
3 0.4231931411867609 0.8711271732116479 0.0526745236099071 0.11344014469597567
0 0.15551691710574228 0.8162752603115824 0.06902127648462927 0.19367367626600682
4 0.6209963626758814 0.9258356019673165 0.10135673991523149 0.06575307359281872