4 0.4947859876055293 0.4598788180696786 0.1076480153230392 0.07387439934754489
4 0.5689172128909499 0.5779844754137236 0.10895584733826169 0.06764258068109026
3 0.39265716593324906 0.798695322724361 0.173035593383929 0.049647106023226154
3 0.5041132721687593 0.6913469940722239 0.09050693627356629 0.09397781401177205
0 0.707511480685447 0.4951821607654045 0.16335418726214943 0.0995107460216353
2 0.21897426821442662 0.706787991366953 0.1375755958553869 0.060947685351681005
2 0.24447296981103211 0.5413811673694984 0.14789101334587285 0.06497211401972632
2 0.6139100138029834 0.3369873054184961 0.14202567391627668 0.03601132001909004
2 0.3878369451336338 0.26479249005408845 0.14607384536109524 0.058703932686180946
2 0.756697102701107 0.707573620106586 0.09757001977166357 0.09484088001272664
0 0.24770008197804136 0.4046351453691802 0.150122016805914 0.08139654535327168