0 0.7991546364777612 0.5204105958537484 0.07156181874690688 0.11902269354388881
2 0.23354292458283066 0.5305732226204162 0.13346095318850323 0.053670387087777625
3 0.2731520584586001 0.4037564443923605 0.052289518317365766 0.06289983265791647
3 0.37753526402195253 0.5235501174838881 0.033699970601357876 0.07915981969842587
3 0.5189614461795566 0.6253941644208785 0.05323454262762528 0.06609318317629623
3 0.6147010713488988 0.5207544740345358 0.0668876068519765 0.059510992507129504
3 0.6599106727738084 0.616535157210832 0.0487141389641522 0.05403268058439803
2 0.6534825310961228 0.739191407210832 0.07267726141996071 0.0957902450990277
2 0.5360559294440707 0.2093590613106008 0.07790034995457144 0.09158119872768503
3 0.675711571687583 0.30006055669245235 0.025972679782755036 0.06526341503300923
3 0.7770040767759657 0.3889753766737022 0.040161332541716985 0.054062074882222165
0 0.3472115196761621 0.8026518571162956 0.12900914857509047 0.10227398242236063
2 0.591415221055643 0.8302955693691191 0.10672471279944169 0.09254766790773132
2 0.7185542531678187 0.8453429538649985 0.13017217887824373 0.050271985014259
2 0.6146336358003927 0.956330389067545 0.09554487336031983 0.07212786116879641