4 0.23456086499257683 0.2757205689919979 0.0382989393936934 0.10526024431795715
2 0.3830802521477066 0.2798740551922802 0.06868248021229624 0.11905969155801355
2 0.7367861855485062 0.4460577573003054 0.0771943430571664 0.11764719602224041
2 0.5414658779944173 0.8446241221556832 0.05659191598794493 0.12665400324641068
2 0.3727601435982495 0.8276297167185218 0.06206398801421242 0.11191934740221221
2 0.5257125667107421 0.4993525324641087 0.07781846279944168 0.08487560633066593
0 0.19063155981333713 0.5247250848203105 0.10841004353213637 0.08775119034019756
0 0.36001232360814706 0.46523881087432306 0.06102378844375363 0.1665386635548364
3 0.5773602758921392 0.48698494601894515 0.021800836159761517 0.14790171185055315
3 0.22255874773669246 0.8062750937487643 0.10159347749876284 0.04704436972334669
4 0.871276208727112 0.852722588874205 0.0783540513340526 0.08020174310014098