0 0.6721542630130053 0.13690570754385362 0.049429394554801574 0.19229725598392364
0 0.635583057313693 0.5969723449866662 0.1656921604104042 0.12556631050482653
2 0.7617228101562905 0.37186062937159664 0.08596613403145774 0.1900268943766667
2 0.22424519695975847 0.425050632124479 0.08058838929312966 0.19146210780753475
2 0.4032556757013096 0.6375837336637498 0.1377568762095372 0.11477362765916688
2 0.5199257781627363 0.8140169874634718 0.15523280254613142 0.09333503875333342
2 0.8093838493364807 0.679763395139166 0.07737238403145774 0.1898268726251736
3 0.3854578998164734 0.18425871191225665 0.083350097270342 0.10492519576343753
3 0.4667435100998206 0.438181839287083 0.14823237364928837 0.040119119775382114
4 0.7776920465080005 0.8878129376922216 0.11091365514873246 0.12273094481350703
4 0.2962537887566672 0.74803288402434 0.11783151308359248 0.08076165036059031