3 0.18383792926336437 0.41207915985989574 0.08176133070861251 0.13214165919430557
2 0.3217192054078735 0.5481777011786804 0.11117706618646546 0.1601218420399654
2 0.5052644886013525 0.48129540644142327 0.06101204544054095 0.1979478439398264
3 0.4890303016643183 0.1741005022811107 0.0821165282191016 0.13682915919430566
4 0.6454122014591813 0.2651586473233675 0.08572678029369403 0.13301382817225704
2 0.7579336670163024 0.13888447521128408 0.0546553016643184 0.18610180737069446
2 0.8375665805081198 0.3945155729508326 0.10685641909089512 0.15456217306201392
2 0.4010561209742834 0.7999025489182289 0.08692335000464446 0.1899723429898959
4 0.6735715836316194 0.8639961908263537 0.10979124232633027 0.11095764342673604
0 0.8957048475290665 0.7383012873316313 0.11301225332399234 0.1843405920399654
0 0.6638610064474919 0.6325643528704509 0.13828494046151912 0.20910485590767358