2 0.40360406862668363 0.3301418700757862 0.14608520667568142 0.0791194464186109
0 0.6420751279440026 0.4690942292183321 0.1302062153484993 0.12299658553263874
3 0.26292233525623077 0.5915496788409718 0.04896530601527207 0.11666938162115734
2 0.4549831132638668 0.5520455558439805 0.08101473734881744 0.1210342528747221
2 0.5809723539147311 0.67959294033986 0.05284428401495376 0.11466738421305536
2 0.8213615439210946 0.6537015494824059 0.13269486867440855 0.06858248760615719
4 0.28345991255573233 0.8428189443923605 0.07208463267822669 0.09137614717254613
4 0.43598547589118686 0.840522295476388 0.053352814011772054 0.0912982347314351
2 0.6801985525541415 0.8892597577292116 0.05581474267981754 0.10165953628657398
3 0.2379528913112737 0.18348360914254586 0.10820339867122701 0.04302612153638865
0 0.5455295813176371 0.16347036286573968 0.19376872867599956 0.08563257803976816