2 0.08017968982753353 0.25942163879807 0.0854003066578098 0.12404720048646727
2 0.27124779962849643 0.1525109399331605 0.10022478597964532 0.1071324358759707
2 0.6589831242783836 0.45639523944339794 0.16103169933804615 0.05511201420345948
2 0.7415258347840815 0.6986566517804182 0.11768411372990428 0.09650858157389966
2 0.12069541212005577 0.5478625758918568 0.13752142473094037 0.05314041111920442
4 0.4589897022335304 0.06665308075982546 0.09715328990858688 0.09146652556754523
4 0.7802481563290875 0.337319731325723 0.06657537799792798 0.08859094155801354
4 0.8174077462804556 0.5467316874942332 0.12572990012383442 0.051373359577076984
4 0.07659638586032007 0.8903404021907507 0.12409462551672865 0.049783586038126514
4 0.43249328308867047 0.7362661513766765 0.09228385339082212 0.08747845495069413
0 0.46907306182960545 0.35378093384408055 0.10816571856846871 0.12678641680124728
0 0.17003397849777524 0.6636608997551188 0.17854668507002258 0.0624432731319132
0 0.12070187427838357 0.44699950527500576 0.20307365012383446 0.05272339975511873
0 0.4915321811455904 0.8788178900125907 0.07172095037150364 0.1487881018664389
0 0.8007787485567672 0.9037629374942332 0.07562720037150328 0.14885628571381487
3 0.6447580742356023 0.15746681574229177 0.12305866439185813 0.04430119926865137
3 0.8535272985950393 0.25806465380901317 0.1042358897847521 0.04241141680124727
3 0.4268704834601739 0.5883917130650738 0.08394266046291676 0.059230724025417736
3 0.3171445347413003 0.3925689241048479 0.07618366439185813 0.043482993100141164
3 0.20356776241050603 0.7494717146899268 0.12482021753501131 0.0318421095770768