2 0.489277494177208 0.5817478827441157 0.0528075365174713 0.12182409034363317
2 0.08200852322150216 0.6153084967206397 0.11148379689043356 0.10544549581612853
2 0.2587173462564448 0.38455754296630945 0.14579867468997226 0.05510798111680746
0 0.659861758699355 0.6181401633859533 0.10460683485779736 0.12765136646291494
4 0.747423726130576 0.4666429404097462 0.11469130726339571 0.08615990728151779
0 0.7836884997762853 0.7022805472617226 0.16292789772027055 0.1065852719354103
4 0.2906329649324212 0.23249707598299624 0.0560267022843739 0.09242319538658714
3 0.5297313537296221 0.22385017356271852 0.05150514564567814 0.10463659034363308
2 0.7436144097436179 0.34094689959114327 0.08634208693238979 0.12280341417892267
2 0.22292675330077033 0.7740737443457905 0.11406434523075956 0.10869332654882306
3 0.3312711269511242 0.8244599259375678 0.1384956601678251 0.08196040818602875