2 0.6763484885821403 0.6385670711414936 0.09261585602322633 0.1732030702884723
2 0.7948932346435466 0.188859971502084 0.04921130136058967 0.20187227773541672
2 0.49085916796627427 0.25992965881305596 0.07706358135740796 0.1790893943766667
2 0.3679296506206385 0.34771798670097254 0.04727608402290802 0.16980466014423615
2 0.608847193984728 0.12670154435600747 0.05538857602640803 0.19576774810013892
4 0.4686638052594125 0.5555869977188893 0.07177609735040828 0.12741779160312508
4 0.7976400438813236 0.8930207946403479 0.11572554467695398 0.07845426795177098
0 0.14148423460377563 0.46669980357097235 0.0765823233609078 0.20485246058107637
0 0.26443773989500485 0.7798018284565974 0.056551634030862274 0.22859843189572918
3 0.571722981222187 0.8322787439191671 0.05467950401813546 0.13483024810013902
3 0.8629592452657757 0.5178766306963896 0.06066696936663476 0.24665810087368065