2 0.21960903893302386 0.14511086330363773 0.0719527889330239 0.14848350067631774
0 0.11243793012898404 0.39090571598504614 0.12883859318774998 0.12414711935072642
2 0.18368673711418468 0.5510250559755011 0.08448006001026273 0.15331645134468133
2 0.31171576746300156 0.39874384595800194 0.10700449980360824 0.13092383068109026
3 0.3817504906302261 0.21588534528168418 0.08394372882456524 0.061128951344681326
3 0.44776533430895543 0.01623429480626261 0.09786987343837109 0.03246858961252522
3 0.4322424117822196 0.5684467239417754 0.030932358313060605 0.0800420360041361
2 0.2132798301055429 0.8030415419716832 0.060243129292103514 0.14990964067472703
0 0.39958951394696013 0.7305563726130024 0.05890788826909397 0.18895395934118148
2 0.759594210379605 0.2974320532304593 0.11775564744247617 0.09901985001590834
2 0.5600957427715254 0.7888490359245944 0.03913574375348396 0.14732044267186345
3 0.7309576886149951 0.7470144299013681 0.0762994004675381 0.08994429467695415
3 0.8056299148072817 0.5555076352244142 0.08778180113146802 0.049455654678545
3 0.5770316952542945 0.3425280192552763 0.042560204722264315 0.06455339600572696