3 0.6327398213855059 0.38422883084423626 0.04607761042452161 0.1091193724558086
3 0.21565873719875622 0.38744684757972225 0.04686656570031093 0.09592000961093845
3 0.33368694233337115 0.2580636420163698 0.07050148677523324 0.07379270409301446
3 0.2891501741292812 0.48455089891377484 0.03492030254613132 0.09139960594746518
0 0.2850864874811049 0.6888665846894235 0.1074393156297238 0.17308669719560948
2 0.4419966401401757 0.7260843809350933 0.05241861568619353 0.11100942107632772
2 0.6510740504799928 0.5403493560590069 0.1096927893919517 0.09142393939369349
2 0.059475168585260675 0.17630022840327395 0.11105089206513993 0.047878657281517745
2 0.07986399231925373 0.22987228573022023 0.06099768415851472 0.057717324739800804
3 0.7914876769012915 0.6589842486412036 0.056310184158514784 0.057471663274411534
0 0.20368602708481812 0.8217366383983251 0.15571094468185845 0.06579649762515061
3 0.3649574560522481 0.8513466525318194 0.08884196309770989 0.06774409995457162
3 0.6257470977644523 0.4504713065339768 0.06271210260260104 0.03366234905006031