2 0.26684782464931567 0.5345311821428563 0.052370435686600735 0.17374718306570713
3 0.15631084284791294 0.5353903801679583 0.03237930829641966 0.1288957580195646
0 0.423486653303801 0.43346243060169687 0.10438351866002264 0.18408270820413453
4 0.5976763224898474 0.4713164767164989 0.05833053901808825 0.14534158081395354
2 0.5081143723052772 0.545523537172387 0.05637681523624991 0.17556000693983034
3 0.7686291725821324 0.4261274853543723 0.04931648442229637 0.12609093306570712
0 0.2329479842746381 0.7600015515134728 0.10261026758028846 0.204976199104836
2 0.3978022262550736 0.7735565044758201 0.056877462984496675 0.18337250693983015
4 0.6440158922019175 0.7437736651808768 0.04666185379291292 0.14537185919158374
2 0.3022891810631222 0.26072344232188915 0.09390709361388012 0.1662944309062387
2 0.6248126280084898 0.10856615284237563 0.07172121298449667 0.18432373766149884