4 0.2061534631413801 0.17803275712613598 0.12187380243632351 0.06437004005001246
4 0.11302642196382355 0.2805560150436948 0.10879281153562217 0.06710859514371972
2 0.39841201187707587 0.22000599379830085 0.15371528531746037 0.03800376834240007
2 0.6186639551218157 0.19020351887112547 0.1653839705426357 0.037563499142070175
2 0.12176346699889144 0.43626044576422257 0.16269906153562214 0.06867710682220221
2 0.09344180059062224 0.6226753188837607 0.16426156153562216 0.06872257092882492
2 0.7399966255444796 0.6210179466886594 0.10484579117755662 0.10286423871722886
0 0.39115381709117647 0.3941110835317442 0.189351199104836 0.09518578252816505
0 0.7304573465485408 0.4169896762346883 0.15983367982650448 0.1091429824490227
3 0.41329322563676474 0.5962131411327338 0.08831962523071261 0.08834709765100221
3 0.2514767412144684 0.7241288556350679 0.18842095234403847 0.031995460741410395