2 0.8932879974397512 0.038423310686322085 0.12261772362105354 0.07124494171077375
2 0.2114200162791257 0.5050071990879665 0.14583541574266326 0.05504428015178675
2 0.6380162534778819 0.8617347711801762 0.05770535516284987 0.10756976087441501
2 0.03214422702834837 0.746130900684572 0.061649402517896454 0.12175959486680377
2 0.4449569132530017 0.08163207159791805 0.13643729991529535 0.09441052768032887
3 0.8189470060381308 0.7795404006102099 0.12780575256024881 0.08002969269935693
3 0.6166975924321931 0.3178056990507855 0.15442146046687383 0.06864386513275882
3 0.47552104265807216 0.5604945592406284 0.16314401308359247 0.0845872001137307
3 0.09048516097510158 0.4670681417873235 0.06067073144297419 0.1451015943725121
0 0.13640054557125675 0.869703710456673 0.1144936814570916 0.13248618923931588
0 0.8614501083583832 0.451241645667294 0.13427556043863903 0.09744002718603735
0 0.2677973608480447 0.32656652270023195 0.20606726045275653 0.08555679250907655
0 0.39262045349199937 0.8865424060845986 0.1711308183311468 0.1012799515966055
0 0.12344333219119819 0.6371922993919776 0.1981791657426632 0.057177124524298864
4 0.5203568585701446 0.6872679648681161 0.12012976045275643 0.08205510771838505
4 0.6165093346808598 0.46823678057171636 0.11416818678935066 0.05998910672980173
4 0.3938200765060033 0.1834784144875554 0.11365995257436623 0.06464477323170459
4 0.21234183432792392 0.11449228703468799 0.10261603676111575 0.08913543726214948
3 0.8582851239316371 0.22456639912733514 0.14802724729857708 0.07929486364988403
4 0.7161930033367077 0.7104640898495257 0.11172572625188941 0.07158052273741297