0 0.20898970223353036 0.04746708166297512 0.196262877997928 0.09493416332595024
0 0.39211891770162705 0.19374789096529982 0.2019477977664697 0.07136026758028842
0 0.6530371470234626 0.1941636913990385 0.18483307237357546 0.07182134253414593
0 0.5964874323839354 0.3379928369878168 0.1634674946233165 0.08135702883905545
0 0.8638846399941492 0.45015766579918565 0.10949277812176277 0.14332730027685514
4 0.5040303744832714 0.03239900987218469 0.0645955010334573 0.06479801974436938
4 0.1567293813076969 0.16365508251199662 0.11668238585581085 0.06355945712440043
4 0.3110892797789016 0.44507865592469464 0.049768867658845826 0.08186007171465484
4 0.45690258581753884 0.5588035896087105 0.12129711124870504 0.06229734577334831
4 0.6111854015760858 0.9087769039221097 0.12425729135632882 0.04223516964747169
2 0.05735850413833841 0.5579243190937613 0.057818962158327804 0.10418565468807692
2 0.20289998242671667 0.6607618175526018 0.13328768899896398 0.05216088217054295
2 0.3043254336267897 0.807709063851974 0.15107450248119933 0.049406121991509976
2 0.8246852069910412 0.3218114227390159 0.14475172787409357 0.04744310379291292
2 0.7950253622866714 0.7412122648117364 0.08087547249741008 0.11423128315799218
3 0.1777203157585469 0.3484713710686595 0.10252999462331651 0.07745197640273194
3 0.636348183212505 0.6361008675249152 0.11869865012383443 0.05667840144887428
3 0.9079087375940033 0.1404427043558485 0.04470037799792799 0.09010336829088236
3 0.6902353941279784 0.08117353563122745 0.0871040477664696 0.06400074568106336
3 0.11347995575269623 0.858105989359542 0.08109164226595164 0.08542516270764153