2 0.1638882598019447 0.12979908348777872 0.1173234925071295 0.0679638047166562
2 0.598548349387084 0.28051826906765764 0.13728467799249983 0.046852696549288184
2 0.21197798793546382 0.4614731802224014 0.15708933006601847 0.05065974282842376
2 0.21348453345833468 0.6935217883897693 0.17491181710652776 0.0318105391075596
2 0.24604488081916834 0.8465996591710091 0.10143465235634244 0.08220735399101678
0 0.8507752307254173 0.2997493855877281 0.17301712643736095 0.04576391170289788
0 0.16293347813351916 0.32766366461330476 0.09584832516504607 0.11628225362819702
0 0.056289313712640586 0.8789285534507119 0.11152184330833306 0.14408979509800943
0 0.4471877157861591 0.8621626278679979 0.131004575165046 0.1175099369306416
0 0.4471437998581953 0.4353471567239384 0.18711858265791664 0.05560270317271012
4 0.43743235801125013 0.04781244038920237 0.11012614717254614 0.07472223620500192
4 0.8309581826106485 0.07223450999716499 0.10673730702175917 0.08940229509800934
4 0.4772435285573623 0.6165500275051782 0.1207902450990277 0.07197918212131782
4 0.8589748163045388 0.8470038423038172 0.11540967799249983 0.04608880471665629
4 0.135299327803427 0.5544989831249589 0.12804637902925914 0.04808781433530314
3 0.3653632854381022 0.1593699884824366 0.162548518143287 0.03293652948891275
3 0.4191636457584266 0.29223456298454065 0.08356364717254613 0.07379465326537735
3 0.7059036451927787 0.43332083213701633 0.07791923991523131 0.06269346215838478
3 0.7741287990097236 0.6505777648064883 0.11458947177194431 0.036713804716656286
3 0.6340339559377316 0.04406241389551453 0.1243547425071295 0.06820934137714504