2 0.28418981371699215 0.08713525329870528 0.11603014894433983 0.07131036183676706
2 0.46507339529089187 0.2056221435070023 0.045242136362438144 0.17622753087881238
2 0.32378729098552544 0.7004763392712249 0.10628695616851021 0.0499438271970309
2 0.4887458636309713 0.8013210884132951 0.0651085771096728 0.10652879631821861
4 0.4456217861175567 0.3885566639609734 0.08840002678536116 0.054108489970870186
4 0.28387753692833567 0.5165954327655919 0.0292665344959989 0.11095187186589683
3 0.6420525012145207 0.45830217728880845 0.044287562499176224 0.1215400308788123
0 0.8270016144417504 0.9439083713371715 0.12255288433384308 0.08711721826325772
0 0.12122357832419348 0.5477819336235217 0.10898130803494932 0.11483304130365361
3 0.24602120657225202 0.3608849903665815 0.028890433440338724 0.1788751577592743
2 0.4562764626580367 0.6410822703874641 0.059131312499176227 0.12197193989172775