4 0.21367737424069427 0.19071724287386402 0.11938708605604172 0.06437004005001246
4 0.12463109840513864 0.2881939849563052 0.10617857123840287 0.06710859514371972
2 0.4078806627096873 0.24405650620169914 0.15234440321038195 0.03800376834240007
2 0.6271761765773955 0.22698398112887452 0.1640449694147918 0.037563499142070175
2 0.13974433928708296 0.44498955423577746 0.16008482123840287 0.06867710682220221
2 0.11901034593659669 0.6304496811162392 0.1616473212384028 0.06872257092882492
2 0.7662665524336105 0.6664820533113406 0.10076502583555573 0.10286423871722886
0 0.4077319262930552 0.4183889164682559 0.18568488649288195 0.09518578252816497
0 0.7483744568782635 0.4611353237653117 0.15556162860909736 0.1091429824490227
3 0.4381603894395828 0.6225368588672662 0.08481271751493065 0.08834709765100221
3 0.2813810997363188 0.741496144364932 0.1873369990500695 0.031995460741410395