2 0.5194366586172041 0.12226952428140184 0.16459970909205773 0.05006349914207018
2 0.21289349043308858 0.2217372930195133 0.07454902210332381 0.12081861685133202
2 0.15566234897115033 0.3912290905913731 0.093048969516899 0.11277043613080409
2 0.25640151722177285 0.7653221569678514 0.11283863229073816 0.09539271951689905
2 0.8015585560181441 0.6206625940230924 0.1585997616784823 0.058475392715579486
0 0.44380485814235043 0.3071279090794225 0.18347774122451135 0.08183633636823107
0 0.5897990389293852 0.7891865881505977 0.1898497616784825 0.059384674848033114
4 0.5880931010827214 0.5527178907370225 0.1356934590920577 0.04922241316955045
4 0.2000846357224575 0.5546407212327586 0.08060279381093612 0.08742945533113407
3 0.6827333143314143 0.3852599546062182 0.1003159002374268 0.09424775666391758
3 0.7705779583006349 0.23673387490190478 0.05081600541027633 0.10998040525199179