2 0.49790622851481564 0.7524897595583809 0.04939356965141819 0.1404500373788668
2 0.6894142978275495 0.6787019703379287 0.09767393939369348 0.11113387797604232
2 0.7697458497274289 0.5628909360611549 0.056793311849502 0.1479729602753448
2 0.37816702283992143 0.2054730119041695 0.05720606965141819 0.14099634059717553
2 0.13354167684207888 0.4242183860218141 0.0892572518090223 0.05450146572322616
2 0.486808360470021 0.18426963728232176 0.040154688489182175 0.08298174480421991
3 0.4571506744672297 0.5986327860414845 0.16853199400710625 0.06705037822814397
3 0.23520815467952594 0.7006494820668712 0.16573122060135786 0.08787097661898961
3 0.33452764472990326 0.4421646287323471 0.16487472749876275 0.05667560694082034
3 0.6309865649017198 0.4846898903844149 0.03424328245085988 0.22267802933309522
3 0.7604029907277459 0.23609348927946366 0.030057071460440454 0.1873578883676026
3 0.5243017164174864 0.2164701320865417 0.03054067107632754 0.048060441585911204
3 0.22404276684702765 0.24996106721616512 0.08872498530067893 0.04434521572322634
0 0.8182596720923805 0.7756694415090367 0.09597864258219672 0.15304822636688797
0 0.7998140507682256 0.33459097344002187 0.04823718340079956 0.16294239641337427