4 0.7075692875540938 0.8340674677762827 0.13664197636688796 0.09511882745333437
0 0.191498357192922 0.2267661386254678 0.13027128008939978 0.24890556874690697
2 0.326064745308423 0.16639412539648477 0.07993814431968733 0.2081267605154496
4 0.30643956822457125 0.4912613285849881 0.10238694468800436 0.16182164857509065
2 0.44772621388164086 0.30272669380470746 0.07489001139996639 0.22498671189493055
2 0.3423874119238399 0.6689392712580418 0.15865908799928546 0.07603463478028054
3 0.4481289495548083 0.7794463240624323 0.07024643404434272 0.15858046189493075
3 0.7377388447076749 0.4357251430364819 0.06509439431968715 0.207348832541717
0 0.6578114080654421 0.30191006501732076 0.0941534636295394 0.25557497060135786
2 0.5573854371464357 0.25620581863536535 0.07797680657250332 0.21347267978275494
2 0.5423167200858272 0.5565267232033497 0.10522772142320953 0.20244664857509048