2 0.3180183353018773 0.15915069895153156 0.05171132213985139 0.0977039184866706
2 0.3614731802224014 0.2833533445593849 0.09295388103285881 0.09639638106398571
2 0.7158308088081895 0.3890600501788762 0.049285726586355064 0.09516884985021878
2 0.056770778138150346 0.4159595819723713 0.06156747177703163 0.0899392159112951
2 0.7155951627143882 0.6201665289670488 0.12075893330244422 0.044913500459042056
0 0.6626735816736802 0.27346713002521567 0.07989088584218215 0.10156224212409226
0 0.10989823422126735 0.5997125707624837 0.07028027286549077 0.11635819469946788
3 0.29730151970062985 0.5280442201633588 0.08474207694917482 0.10663237939699588
3 0.3357365040067152 0.7959968657712122 0.08664931733052797 0.09432369803344773
3 0.4892533736068286 0.7748388271405794 0.039558551721431454 0.1512435066679597
3 0.6895807558208137 0.7817896841177999 0.06434773139567866 0.10263053454774677
3 0.10367797215554979 0.7778375707624836 0.04339039065150563 0.10481491681968062
3 0.4346799794119439 0.6324920883504671 0.1542708377489479 0.04531198424818435
3 0.5400941988267228 0.39586867532380826 0.04738840988879929 0.1300700083349497
2 0.2623957847615723 0.38338555334367824 0.10795139845605402 0.07970308864033111