2 0.37734375 0.23203125 0.14609375 0.140625
2 0.36953125 0.36484375 0.13515625 0.140625
2 0.27109375 0.5703125 0.11953125 0.15625
2 0.28359375 0.7171875 0.10390625 0.13828125
2 0.36484375 0.78359375 0.09375 0.15625
2 0.54296875 0.8578125 0.13828125 0.14296875
2 0.77734375 0.32265625 0.14296875 0.140625
2 0.81875 0.80234375 0.1484375 0.13046875
2 0.88125 0.73046875 0.10703125 0.15390625
2 0.76953125 0.665625 0.14296875 0.12734375
2 0.6953125 0.515625 0.125 0.14609375
2 0.771875 0.47890625 0.13828125 0.14609375
2 0.5703125 0.38515625 0.11484375 0.15625
2 0.65859375 0.32421875 0.09375 0.15859375
2 0.5078125 0.28359375 0.13046875 0.15625
2 0.41953125 0.66640625 0.11953125 0.15625
2 0.43125 0.49765625 0.10703125 0.16171875
2 0.54140625 0.696875 0.11953125 0.15390625
2 0.509375 0.58828125 0.10703125 0.16171875
2 0.61484375 0.771875 0.109375 0.18984375