2 0.81796875 0.52109375 0.08828125 0.13515625
2 0.6328125 0.66171875 0.140625 0.14609375
2 0.46640625 0.6171875 0.140625 0.13046875
2 0.48046875 0.88515625 0.12734375 0.16171875
2 0.29296875 0.8515625 0.1015625 0.16171875
2 0.36171875 0.71484375 0.11953125 0.14296875
2 0.1171875 0.509375 0.140625 0.13828125
2 0.275 0.26796875 0.12734375 0.09375
2 0.3734375 0.39609375 0.12734375 0.09375
2 0.5140625 0.421875 0.12734375 0.09375
2 0.6109375 0.47109375 0.12265625 0.08828125
2 0.70078125 0.475 0.09375 0.1328125
2 0.67578125 0.24453125 0.10703125 0.11484375
2 0.51328125 0.12734375 0.09921875 0.11953125
2 0.5234375 0.28515625 0.09375 0.12734375
2 0.384375 0.328125 0.12734375 0.09375
2 0.45859375 0.0921875 0.11484375 0.0859375
2 0.55703125 0.2015625 0.08828125 0.1171875