3 0.046642 0.150636 0.043532 0.234384
3 0.096393 0.157269 0.043532 0.247651
3 0.154229 0.103096 0.042289 0.143726
3 0.206468 0.139580 0.047264 0.229961
3 0.261194 0.147319 0.044776 0.249862
3 0.316542 0.145108 0.041045 0.249862
3 0.370647 0.146213 0.044776 0.252073
3 0.422886 0.156164 0.039801 0.267551
3 0.042289 0.455777 0.044776 0.296296
3 0.090796 0.451354 0.047264 0.283029
3 0.267413 0.460199 0.042289 0.291874
3 0.327736 0.462410 0.048507 0.291874
3 0.381219 0.467938 0.043532 0.280818
3 0.438433 0.459093 0.048507 0.285240
3 0.613184 0.463516 0.042289 0.307352
3 0.661692 0.343007 0.042289 0.265340
3 0.726368 0.349641 0.047264 0.274185
3 0.777985 0.292150 0.048507 0.278607
3 0.836443 0.291045 0.048507 0.276396
3 0.896144 0.380597 0.048507 0.269762
3 0.951493 0.376175 0.049751 0.287452
3 0.033582 0.807352 0.042289 0.309563
3 0.094527 0.806247 0.049751 0.325041
3 0.146144 0.804035 0.055970 0.320619
3 0.209577 0.808458 0.060945 0.325041
3 0.270522 0.811774 0.043532 0.309563
3 0.335199 0.807352 0.041045 0.287452
3 0.391169 0.800719 0.053483 0.296296
3 0.455224 0.805141 0.044776 0.309563
3 0.509950 0.799613 0.044776 0.311774
3 0.787935 0.798507 0.043532 0.318408
3 0.840174 0.805141 0.053483 0.313986
3 0.897388 0.801824 0.046020 0.316197
3 0.957711 0.805141 0.054726 0.318408