3 0.046642 0.159480 0.043532 0.269762
3 0.097637 0.158375 0.053483 0.258706
3 0.152985 0.137369 0.057214 0.225539
3 0.210199 0.148425 0.042289 0.269762
3 0.258706 0.151741 0.049751 0.267551
3 0.315920 0.152847 0.054726 0.274185
3 0.373134 0.153952 0.049751 0.258706
3 0.421020 0.155058 0.046020 0.260918
3 0.032960 0.456882 0.055970 0.285240
3 0.088308 0.457988 0.049751 0.283029
3 0.269279 0.467938 0.041045 0.302930
3 0.320274 0.463516 0.053483 0.289663
3 0.378109 0.464621 0.049751 0.283029
3 0.430348 0.461305 0.054726 0.285240
3 0.609453 0.467938 0.054726 0.289663
3 0.659826 0.346324 0.046020 0.276396
3 0.727612 0.338585 0.044776 0.274185
3 0.779229 0.292150 0.046020 0.278607
3 0.833333 0.288834 0.044776 0.280818
3 0.896144 0.383914 0.038557 0.271973
3 0.953358 0.370647 0.050995 0.294085
3 0.036692 0.797402 0.050995 0.302930
3 0.088308 0.801824 0.052239 0.320619
3 0.148632 0.795191 0.065920 0.298507
3 0.203358 0.795191 0.068408 0.316197
3 0.266169 0.811774 0.047264 0.322830
3 0.338308 0.812880 0.042289 0.311774
3 0.391791 0.806247 0.042289 0.307352
3 0.455224 0.805141 0.044776 0.318408
3 0.509950 0.804035 0.054726 0.316197
3 0.787935 0.800719 0.050995 0.318408
3 0.840796 0.800719 0.049751 0.313986
3 0.895522 0.797402 0.049751 0.311774
3 0.955224 0.804035 0.054726 0.320619