3 0.167910 0.516918 0.174129 0.195496
3 0.269900 0.400372 0.106965 0.176698
3 0.324005 0.256570 0.090796 0.069551
3 0.388060 0.239652 0.082090 0.058273
3 0.460199 0.218035 0.079602 0.063912
3 0.478234 0.281947 0.110697 0.093988
3 0.529229 0.199237 0.085821 0.063912
3 0.641791 0.219914 0.161692 0.112786
3 0.796020 0.313903 0.263682 0.225572
3 0.703980 0.458645 0.159204 0.229332
3 0.570274 0.365596 0.145522 0.201135
3 0.426617 0.409771 0.181592 0.169179
3 0.292289 0.572371 0.186567 0.144742
3 0.424751 0.569551 0.115672 0.105267
3 0.470771 0.617486 0.103234 0.118426
3 0.468284 0.717113 0.058458 0.107147
3 0.509328 0.762228 0.075871 0.107147
3 0.565299 0.814861 0.075871 0.156021
3 0.651119 0.671059 0.157960 0.127824
3 0.772388 0.683278 0.101990 0.385353