3 0.166667 0.508459 0.194030 0.227452
3 0.273010 0.399432 0.108209 0.174819
3 0.324627 0.261269 0.082090 0.060153
3 0.391791 0.236832 0.106965 0.078950
3 0.459577 0.217095 0.073383 0.062032
3 0.534826 0.191718 0.089552 0.063912
3 0.479478 0.266909 0.095771 0.067672
3 0.648010 0.217095 0.149254 0.110906
3 0.796020 0.343039 0.248756 0.265048
3 0.748134 0.472743 0.070896 0.223693
3 0.590174 0.371236 0.113184 0.219933
3 0.430348 0.429509 0.169154 0.193616
3 0.290423 0.586469 0.347015 0.327080
3 0.422886 0.569551 0.161692 0.135343
3 0.476990 0.604327 0.120647 0.156021
3 0.468284 0.721813 0.070896 0.101508
3 0.510572 0.773507 0.075871 0.088349
3 0.566542 0.816741 0.048507 0.140983
3 0.652985 0.692676 0.156716 0.107147
3 0.770522 0.697376 0.060945 0.289485