3 0.30625 0.45 0.0203125 0.06015625
3 0.553125 0.45703125 0.0265625 0.053125
3 0.64375 0.43359375 0.0203125 0.06015625
3 0.73359375 0.44609375 0.02109375 0.05859375
3 0.425 0.734375 0.02421875 0.0953125
3 0.49296875 0.7265625 0.025 0.09921875
3 0.565625 0.73203125 0.02734375 0.10390625
3 0.80234375 0.7390625 0.02578125 0.1046875
3 0.1079501015625 0.26506058125 0.13295950625 0.275059940625 0.154842734375 0.21256394687500002 0.1454642078125 0.1925652296875 0.13452259375 0.18756555 0.1079501015625 0.26506058125
3 0.6878556671875 0.7100320546875001 0.6706617015624999 0.7600288484375 0.6628462625 0.790026925 0.6706617015624999 0.8050259640625 0.6831664046875 0.8050259640625 0.709738896875 0.722531253125 0.7019234578125 0.7100320546875001 0.6878556671875 0.7100320546875001
3 0.323486328125 0.6842578125000001 0.3142776875 0.7775277265625 0.33459782968749996 0.7800275671875 0.34553944375 0.7675283671875001 0.3517917953125 0.695033015625 0.33772400468749997 0.68503365625 0.323486328125 0.6842578125000001