0 0.24609375 0.13203125 0.0890625 0.17578125
0 0.20703125 0.15078125 0.08359375 0.19765625
0 0.8046875 0.175 0.07890625 0.0703125
0 0.4859375 0.178125 0.0765625 0.1015625
0 0.878125 0.1859375 0.08359375 0.21328125
0 0.9125 0.253125 0.07421875 0.0390625
0 0.08515625 0.26015625 0.046875 0.17734375
0 0.8453125 0.28671875 0.06875 0.0625
0 0.6140625 0.31640625 0.22265625 0.24765625
0 0.20546875 0.4375 0.075 0.05859375
0 0.44921875 0.4375 0.05078125 0.1625
0 0.48671875 0.503125 0.0875 0.16875
0 0.4265625 0.55078125 0.05859375 0.20546875
0 0.515625 0.55546875 0.06953125 0.0890625
0 0.8390625 0.56875 0.1234375 0.2328125
0 0.90546875 0.60078125 0.1890625 0.1859375
0 0.0421875 0.60625 0.08203125 0.15390625
0 0.37734375 0.60859375 0.11953125 0.06640625
0 0.4578125 0.61328125 0.0515625 0.05
0 0.296875 0.625 0.08671875 0.1015625
0 0.36015625 0.6640625 0.07734375 0.05859375
0 0.63515625 0.7046875 0.1359375 0.23671875
0 0.88515625 0.734375 0.13203125 0.0875
0 0.665625 0.74375 0.1953125 0.15234375
0 0.1 0.75546875 0.04921875 0.16484375
0 0.91171875 0.82109375 0.0921875 0.11015625
0 0.05625 0.83046875 0.0984375 0.08046875
0 0.69140625 0.85234375 0.08671875 0.14296875