0 0.42890625 0.7015625 0.071875 0.3515625
0 0.63359375 0.834375 0.07265625 0.15625
0 0.35546875 0.8359375 0.07421875 0.20625
0 0.23359375 0.28984375 0.08125 0.48203125
0 0.75703125 0.328125 0.08125 0.46796875
0 0.1546875 0.33984375 0.06875 0.32734375
0 0.325 0.3984375 0.06796875 0.334375
0 0.93671875 0.3984375 0.08359375 0.36484375
0 0.06796875 0.42578125 0.0703125 0.24765625
0 0.53515625 0.48125 0.11796875 0.75703125
0 0.66640625 0.49375 0.06484375 0.2953125
0 0.84609375 0.51640625 0.06640625 0.25234375
0 0.1234375 0.53515625 0.02890625 0.16875