0 0.54296875 0.1234375 0.03984375 0.09375
0 0.73046875 0.1546875 0.09140625 0.09296875
0 0.375 0.203125 0.09765625 0.0765625
0 0.615625 0.23125 0.0953125 0.0890625
0 0.12421875 0.23828125 0.08828125 0.09375
0 0.9125 0.240625 0.1203125 0.16015625
0 0.75625 0.27265625 0.07109375 0.05234375
0 0.4015625 0.3125 0.053125 0.1
0 0.55234375 0.32421875 0.13359375 0.1421875
0 0.74453125 0.3609375 0.12890625 0.14140625
0 0.178125 0.3875 0.0734375 0.1078125
0 0.30390625 0.403125 0.09453125 0.05703125
0 0.9 0.42890625 0.0515625 0.07421875
0 0.64296875 0.45078125 0.0640625 0.0671875
0 0.80703125 0.5125 0.1 0.0875
0 0.13046875 0.559375 0.09921875 0.07109375
0 0.66171875 0.57890625 0.13671875 0.13515625